 1.00000000e+00 3.568965690630089e-03 2.50000000e-01 2.50000000e-01 2.50000000e-01
 2.00000000e+00 7.102635073831969e-04 0.00000000e+00 3.33333333e-01 3.33333333e-01
 3.00000000e+00 7.102635073831969e-04 3.33333333e-01 0.00000000e+00 3.33333333e-01
 4.00000000e+00 7.102635073831969e-04 3.33333333e-01 3.33333333e-01 0.00000000e+00
 5.00000000e+00 7.102635073831969e-04 3.33333333e-01 3.33333333e-01 3.33333333e-01
 6.00000000e+00 1.372405767869423e-03 9.09090909e-02 9.09090909e-02 9.09090909e-02
 7.00000000e+00 1.372405767869423e-03 9.09090909e-02 9.09090909e-02 7.27272727e-01
 8.00000000e+00 1.372405767869423e-03 7.27272727e-01 9.09090909e-02 9.09090909e-02
 9.00000000e+00 1.372405767869423e-03 9.09090909e-02 7.27272727e-01 9.09090909e-02
 1.00000000e+01 1.290368712255287e-03 6.65501536e-02 6.65501536e-02 4.33449846e-01
 1.10000000e+01 1.290368712255287e-03 6.65501536e-02 4.33449846e-01 4.33449846e-01
 1.20000000e+01 1.290368712255287e-03 4.33449846e-01 6.65501536e-02 4.33449846e-01
 1.30000000e+01 1.290368712255287e-03 4.33449846e-01 4.33449846e-01 6.65501536e-02
 1.40000000e+01 1.290368712255287e-03 4.33449846e-01 6.65501536e-02 6.65501536e-02
 1.50000000e+01 1.290368712255287e-03 6.65501536e-02 4.33449846e-01 6.65501536e-02
