 1.00000000e+00 2.72925087e-01 0.00000000e+00
 2.00000000e+00 2.62804545e-01 -2.69543156e-01
 3.00000000e+00 2.62804545e-01 2.69543156e-01
 4.00000000e+00 2.33193765e-01 -5.19096129e-01
 5.00000000e+00 2.33193765e-01 5.19096129e-01
 6.00000000e+00 1.86290211e-01 -7.30152006e-01
 7.00000000e+00 1.86290211e-01 7.30152006e-01
 8.00000000e+00 1.25580369e-01 -8.87062600e-01
 9.00000000e+00 1.25580369e-01 8.87062600e-01
 1.00000000e+01 5.56685671e-02 -9.78228658e-01
 1.10000000e+01 5.56685671e-02 9.78228658e-01
