 1.00000000e+00 2.49147046e-01 -1.25233409e-01
 2.00000000e+00 2.49147046e-01 1.25233409e-01
 3.00000000e+00 2.33492537e-01 -3.67831499e-01
 4.00000000e+00 2.33492537e-01 3.67831499e-01
 5.00000000e+00 2.03167427e-01 -5.87317954e-01
 6.00000000e+00 2.03167427e-01 5.87317954e-01
 7.00000000e+00 1.60078329e-01 -7.69902674e-01
 8.00000000e+00 1.60078329e-01 7.69902674e-01
 9.00000000e+00 1.06939326e-01 -9.04117256e-01
 1.00000000e+01 1.06939326e-01 9.04117256e-01
 1.10000000e+01 4.71753364e-02 -9.81560634e-01
 1.20000000e+01 4.71753364e-02 9.81560634e-01
