 1.00000000e+00 2.32551553e-01 0.00000000e+00
 2.00000000e+00 2.26283180e-01 -2.30458316e-01
 3.00000000e+00 2.26283180e-01 2.30458316e-01
 4.00000000e+00 2.07816048e-01 -4.48492751e-01
 5.00000000e+00 2.07816048e-01 4.48492751e-01
 6.00000000e+00 1.78145981e-01 -6.42349339e-01
 7.00000000e+00 1.78145981e-01 6.42349339e-01
 8.00000000e+00 1.38873510e-01 -8.01578091e-01
 9.00000000e+00 1.38873510e-01 8.01578091e-01
 1.00000000e+01 9.21214998e-02 -9.17598399e-01
 1.10000000e+01 9.21214998e-02 9.17598399e-01
 1.20000000e+01 4.04840048e-02 -9.84183055e-01
 1.30000000e+01 4.04840048e-02 9.84183055e-01
