 1.00000000e+00 2.15263853e-01 -1.08054949e-01
 2.00000000e+00 2.15263853e-01 1.08054949e-01
 3.00000000e+00 2.05198464e-01 -3.19112369e-01
 4.00000000e+00 2.05198464e-01 3.19112369e-01
 5.00000000e+00 1.85538397e-01 -5.15248636e-01
 6.00000000e+00 1.85538397e-01 5.15248636e-01
 7.00000000e+00 1.57203167e-01 -6.87292905e-01
 8.00000000e+00 1.57203167e-01 6.87292905e-01
 9.00000000e+00 1.21518571e-01 -8.27201315e-01
 1.00000000e+01 1.21518571e-01 8.27201315e-01
 1.10000000e+01 8.01580872e-02 -9.28434884e-01
 1.20000000e+01 8.01580872e-02 9.28434884e-01
 1.30000000e+01 3.51194603e-02 -9.86283809e-01
 1.40000000e+01 3.51194603e-02 9.86283809e-01
