 1.00000000e+00 2.02578242e-01 0.00000000e+00
 2.00000000e+00 1.98431485e-01 -2.01194094e-01
 3.00000000e+00 1.98431485e-01 2.01194094e-01
 4.00000000e+00 1.86161000e-01 -3.94151347e-01
 5.00000000e+00 1.86161000e-01 3.94151347e-01
 6.00000000e+00 1.66269206e-01 -5.70972173e-01
 7.00000000e+00 1.66269206e-01 5.70972173e-01
 8.00000000e+00 1.39570678e-01 -7.24417731e-01
 9.00000000e+00 1.39570678e-01 7.24417731e-01
 1.00000000e+01 1.07159220e-01 -8.48206583e-01
 1.10000000e+01 1.07159220e-01 8.48206583e-01
 1.20000000e+01 7.03660475e-02 -9.37273392e-01
 1.30000000e+01 7.03660475e-02 9.37273392e-01
 1.40000000e+01 3.07532420e-02 -9.87992518e-01
 1.50000000e+01 3.07532420e-02 9.87992518e-01
