 1.00000000e+00 1.89450610e-01 -9.50125098e-02
 2.00000000e+00 1.89450610e-01 9.50125098e-02
 3.00000000e+00 1.82603415e-01 -2.81603551e-01
 4.00000000e+00 1.82603415e-01 2.81603551e-01
 5.00000000e+00 1.69156519e-01 -4.58016778e-01
 6.00000000e+00 1.69156519e-01 4.58016778e-01
 7.00000000e+00 1.49595989e-01 -6.17876244e-01
 8.00000000e+00 1.49595989e-01 6.17876244e-01
 9.00000000e+00 1.24628971e-01 -7.55404408e-01
 1.00000000e+01 1.24628971e-01 7.55404408e-01
 1.10000000e+01 9.51585117e-02 -8.65631202e-01
 1.20000000e+01 9.51585117e-02 8.65631202e-01
 1.30000000e+01 6.22535239e-02 -9.44575023e-01
 1.40000000e+01 6.22535239e-02 9.44575023e-01
 1.50000000e+01 2.71524594e-02 -9.89400935e-01
 1.60000000e+01 2.71524594e-02 9.89400935e-01
