 1.00000000e+00 1.79446470e-01 0.00000000e+00
 2.00000000e+00 1.76562705e-01 -1.78484181e-01
 3.00000000e+00 1.76562705e-01 1.78484181e-01
 4.00000000e+00 1.68004102e-01 -3.51231763e-01
 5.00000000e+00 1.68004102e-01 3.51231763e-01
 6.00000000e+00 1.54045761e-01 -5.12690537e-01
 7.00000000e+00 1.54045761e-01 5.12690537e-01
 8.00000000e+00 1.35136368e-01 -6.57671159e-01
 9.00000000e+00 1.35136368e-01 6.57671159e-01
 1.00000000e+01 1.11883847e-01 -7.81514004e-01
 1.10000000e+01 1.11883847e-01 7.81514004e-01
 1.20000000e+01 8.50361483e-02 -8.80239154e-01
 1.30000000e+01 8.50361483e-02 8.80239154e-01
 1.40000000e+01 5.54595294e-02 -9.50675522e-01
 1.50000000e+01 5.54595294e-02 9.50675522e-01
 1.60000000e+01 2.41483029e-02 -9.90575475e-01
 1.70000000e+01 2.41483029e-02 9.90575475e-01
