 1.00000000e+00 1.69142383e-01 -8.47750130e-02
 2.00000000e+00 1.69142383e-01 8.47750130e-02
 3.00000000e+00 1.64276484e-01 -2.51886226e-01
 4.00000000e+00 1.64276484e-01 2.51886226e-01
 5.00000000e+00 1.54684675e-01 -4.11751161e-01
 6.00000000e+00 1.54684675e-01 4.11751161e-01
 7.00000000e+00 1.40642915e-01 -5.59770831e-01
 8.00000000e+00 1.40642915e-01 5.59770831e-01
 9.00000000e+00 1.22555207e-01 -6.91687043e-01
 1.00000000e+01 1.22555207e-01 6.91687043e-01
 1.10000000e+01 1.00942044e-01 -8.03704959e-01
 1.20000000e+01 1.00942044e-01 8.03704959e-01
 1.30000000e+01 7.64257303e-02 -8.92602466e-01
 1.40000000e+01 7.64257303e-02 8.92602466e-01
 1.50000000e+01 4.97145489e-02 -9.55823950e-01
 1.60000000e+01 4.97145489e-02 9.55823950e-01
 1.70000000e+01 2.16160135e-02 -9.91565168e-01
 1.80000000e+01 2.16160135e-02 9.91565168e-01
