 1.00000000e+00 1.61054450e-01 0.00000000e+00
 2.00000000e+00 1.58968843e-01 -1.60358646e-01
 3.00000000e+00 1.58968843e-01 1.60358646e-01
 4.00000000e+00 1.52766042e-01 -3.16564100e-01
 5.00000000e+00 1.52766042e-01 3.16564100e-01
 6.00000000e+00 1.42606702e-01 -4.64570741e-01
 7.00000000e+00 1.42606702e-01 4.64570741e-01
 8.00000000e+00 1.28753963e-01 -6.00545305e-01
 9.00000000e+00 1.28753963e-01 6.00545305e-01
 1.00000000e+01 1.11566646e-01 -7.20966177e-01
 1.10000000e+01 1.11566646e-01 7.20966177e-01
 1.20000000e+01 9.14900216e-02 -8.22714657e-01
 1.30000000e+01 9.14900216e-02 8.22714657e-01
 1.40000000e+01 6.90445427e-02 -9.03155904e-01
 1.50000000e+01 6.90445427e-02 9.03155904e-01
 1.60000000e+01 4.48142268e-02 -9.60208152e-01
 1.70000000e+01 4.48142268e-02 9.60208152e-01
 1.80000000e+01 1.94617882e-02 -9.92406844e-01
 1.90000000e+01 1.94617882e-02 9.92406844e-01
