 1.00000000e+00 1.52753387e-01 -7.65265211e-02
 2.00000000e+00 1.52753387e-01 7.65265211e-02
 3.00000000e+00 1.49172986e-01 -2.27785851e-01
 4.00000000e+00 1.49172986e-01 2.27785851e-01
 5.00000000e+00 1.42096109e-01 -3.73706089e-01
 6.00000000e+00 1.42096109e-01 3.73706089e-01
 7.00000000e+00 1.31688638e-01 -5.10867002e-01
 8.00000000e+00 1.31688638e-01 5.10867002e-01
 9.00000000e+00 1.18194532e-01 -6.36053681e-01
 1.00000000e+01 1.18194532e-01 6.36053681e-01
 1.10000000e+01 1.01930120e-01 -7.46331906e-01
 1.20000000e+01 1.01930120e-01 7.46331906e-01
 1.30000000e+01 8.32767416e-02 -8.39116972e-01
 1.40000000e+01 8.32767416e-02 8.39116972e-01
 1.50000000e+01 6.26720483e-02 -9.12234428e-01
 1.60000000e+01 6.26720483e-02 9.12234428e-01
 1.70000000e+01 4.06014298e-02 -9.63971927e-01
 1.80000000e+01 4.06014298e-02 9.63971927e-01
 1.90000000e+01 1.76140071e-02 -9.93128599e-01
 2.00000000e+01 1.76140071e-02 9.93128599e-01
