 1.00000000e+00 1.46081134e-01 0.00000000e+00
 2.00000000e+00 1.44524404e-01 -1.45561854e-01
 3.00000000e+00 1.44524404e-01 1.45561854e-01
 4.00000000e+00 1.39887395e-01 -2.88021317e-01
 5.00000000e+00 1.39887395e-01 2.88021317e-01
 6.00000000e+00 1.32268939e-01 -4.24342120e-01
 7.00000000e+00 1.32268939e-01 4.24342120e-01
 8.00000000e+00 1.21831416e-01 -5.51618836e-01
 9.00000000e+00 1.21831416e-01 5.51618836e-01
 1.00000000e+01 1.08797299e-01 -6.67138804e-01
 1.10000000e+01 1.08797299e-01 6.67138804e-01
 1.20000000e+01 9.34444235e-02 -7.68439963e-01
 1.30000000e+01 9.34444235e-02 7.68439963e-01
 1.40000000e+01 7.61001136e-02 -8.53363365e-01
 1.50000000e+01 7.61001136e-02 8.53363365e-01
 1.60000000e+01 5.71344254e-02 -9.20099334e-01
 1.70000000e+01 5.71344254e-02 9.20099334e-01
 1.80000000e+01 3.69537898e-02 -9.67226839e-01
 1.90000000e+01 3.69537898e-02 9.67226839e-01
 2.00000000e+01 1.60172283e-02 -9.93752171e-01
 2.10000000e+01 1.60172283e-02 9.93752171e-01
