 1.00000000e+00 1.39251873e-01 -6.97392733e-02
 2.00000000e+00 1.39251873e-01 6.97392733e-02
 3.00000000e+00 1.36541498e-01 -2.07860427e-01
 4.00000000e+00 1.36541498e-01 2.07860427e-01
 5.00000000e+00 1.31173505e-01 -3.41935821e-01
 6.00000000e+00 1.31173505e-01 3.41935821e-01
 7.00000000e+00 1.23252377e-01 -4.69355838e-01
 8.00000000e+00 1.23252377e-01 4.69355838e-01
 9.00000000e+00 1.12932296e-01 -5.87640404e-01
 1.00000000e+01 1.12932296e-01 5.87640404e-01
 1.10000000e+01 1.00414144e-01 -6.94487263e-01
 1.20000000e+01 1.00414144e-01 6.94487263e-01
 1.30000000e+01 8.59416062e-02 -7.87816806e-01
 1.40000000e+01 8.59416062e-02 7.87816806e-01
 1.50000000e+01 6.97964684e-02 -8.65812578e-01
 1.60000000e+01 6.97964684e-02 8.65812578e-01
 1.70000000e+01 5.22933352e-02 -9.26956772e-01
 1.80000000e+01 5.22933352e-02 9.26956772e-01
 1.90000000e+01 3.37749016e-02 -9.70060498e-01
 2.00000000e+01 3.37749016e-02 9.70060498e-01
 2.10000000e+01 1.46279953e-02 -9.94294585e-01
 2.20000000e+01 1.46279953e-02 9.94294585e-01
