 1.00000000e+00 1.33654572e-01 0.00000000e+00
 2.00000000e+00 1.32462039e-01 -1.33256824e-01
 3.00000000e+00 1.32462039e-01 1.33256824e-01
 4.00000000e+00 1.28905722e-01 -2.64135681e-01
 5.00000000e+00 1.28905722e-01 2.64135681e-01
 6.00000000e+00 1.23049084e-01 -3.90301038e-01
 7.00000000e+00 1.23049084e-01 3.90301038e-01
 8.00000000e+00 1.14996640e-01 -5.09501478e-01
 9.00000000e+00 1.14996640e-01 5.09501478e-01
 1.00000000e+01 1.04892091e-01 -6.19609876e-01
 1.10000000e+01 1.04892091e-01 6.19609876e-01
 1.20000000e+01 9.29157661e-02 -7.18661363e-01
 1.30000000e+01 9.29157661e-02 7.18661363e-01
 1.40000000e+01 7.92814118e-02 -8.04888402e-01
 1.50000000e+01 7.92814118e-02 8.04888402e-01
 1.60000000e+01 6.42324214e-02 -8.76752358e-01
 1.70000000e+01 6.42324214e-02 8.76752358e-01
 1.80000000e+01 4.80376717e-02 -9.32971087e-01
 1.90000000e+01 4.80376717e-02 9.32971087e-01
 2.00000000e+01 3.09880059e-02 -9.72542471e-01
 2.10000000e+01 3.09880059e-02 9.72542471e-01
 2.20000000e+01 1.34118595e-02 -9.94769335e-01
 2.30000000e+01 1.34118595e-02 9.94769335e-01
