 1.00000000e+00 1.27938195e-01 -6.40568929e-02
 2.00000000e+00 1.27938195e-01 6.40568929e-02
 3.00000000e+00 1.25837456e-01 -1.91118867e-01
 4.00000000e+00 1.25837456e-01 1.91118867e-01
 5.00000000e+00 1.21670473e-01 -3.15042680e-01
 6.00000000e+00 1.21670473e-01 3.15042680e-01
 7.00000000e+00 1.15505668e-01 -4.33793508e-01
 8.00000000e+00 1.15505668e-01 4.33793508e-01
 9.00000000e+00 1.07444270e-01 -5.45421471e-01
 1.00000000e+01 1.07444270e-01 5.45421471e-01
 1.10000000e+01 9.76186521e-02 -6.48093652e-01
 1.20000000e+01 9.76186521e-02 6.48093652e-01
 1.30000000e+01 8.61901615e-02 -7.40124192e-01
 1.40000000e+01 8.61901615e-02 7.40124192e-01
 1.50000000e+01 7.33464814e-02 -8.20001986e-01
 1.60000000e+01 7.33464814e-02 8.20001986e-01
 1.70000000e+01 5.92985849e-02 -8.86415527e-01
 1.80000000e+01 5.92985849e-02 8.86415527e-01
 1.90000000e+01 4.42774388e-02 -9.38274552e-01
 2.00000000e+01 4.42774388e-02 9.38274552e-01
 2.10000000e+01 2.85313886e-02 -9.74728556e-01
 2.20000000e+01 2.85313886e-02 9.74728556e-01
 2.30000000e+01 1.23412298e-02 -9.95187220e-01
 2.40000000e+01 1.23412298e-02 9.95187220e-01
