 1.00000000e+00 1.23176054e-01 0.00000000e+00
 2.00000000e+00 1.22242443e-01 -1.22864693e-01
 3.00000000e+00 1.22242443e-01 1.22864693e-01
 4.00000000e+00 1.19455764e-01 -2.43866884e-01
 5.00000000e+00 1.19455764e-01 2.43866884e-01
 6.00000000e+00 1.14858259e-01 -3.61172306e-01
 7.00000000e+00 1.14858259e-01 3.61172306e-01
 8.00000000e+00 1.08519624e-01 -4.73002731e-01
 9.00000000e+00 1.08519624e-01 4.73002731e-01
 1.00000000e+01 1.00535949e-01 -5.77662930e-01
 1.10000000e+01 1.00535949e-01 5.77662930e-01
 1.20000000e+01 9.10282620e-02 -6.73566368e-01
 1.30000000e+01 9.10282620e-02 6.73566368e-01
 1.40000000e+01 8.01407003e-02 -7.59259263e-01
 1.50000000e+01 8.01407003e-02 7.59259263e-01
 1.60000000e+01 6.80383338e-02 -8.33442629e-01
 1.70000000e+01 6.80383338e-02 8.33442629e-01
 1.80000000e+01 5.49046960e-02 -8.94991998e-01
 1.90000000e+01 5.49046960e-02 8.94991998e-01
 2.00000000e+01 4.09391567e-02 -9.42974571e-01
 2.10000000e+01 4.09391567e-02 9.42974571e-01
 2.20000000e+01 2.63549866e-02 -9.76663921e-01
 2.30000000e+01 2.63549866e-02 9.76663921e-01
 2.40000000e+01 1.13937985e-02 -9.95556970e-01
 2.50000000e+01 1.13937985e-02 9.95556970e-01
