 1.00000000e+00 1.18321415e-01 -5.92300934e-02
 2.00000000e+00 1.18321415e-01 5.92300934e-02
 3.00000000e+00 1.16660443e-01 -1.76858820e-01
 4.00000000e+00 1.16660443e-01 1.76858820e-01
 5.00000000e+00 1.13361817e-01 -2.92004839e-01
 6.00000000e+00 1.13361817e-01 2.92004839e-01
 7.00000000e+00 1.08471841e-01 -4.03051755e-01
 8.00000000e+00 1.08471841e-01 4.03051755e-01
 9.00000000e+00 1.02059161e-01 -5.08440715e-01
 1.00000000e+01 1.02059161e-01 5.08440715e-01
 1.10000000e+01 9.42138004e-02 -6.06692293e-01
 1.20000000e+01 9.42138004e-02 6.06692293e-01
 1.30000000e+01 8.50458943e-02 -6.96427260e-01
 1.40000000e+01 8.50458943e-02 6.96427260e-01
 1.50000000e+01 7.46841498e-02 -7.76385949e-01
 1.60000000e+01 7.46841498e-02 7.76385949e-01
 1.70000000e+01 6.32740463e-02 -8.45445943e-01
 1.80000000e+01 6.32740463e-02 8.45445943e-01
 1.90000000e+01 5.09758253e-02 -9.02637862e-01
 2.00000000e+01 5.09758253e-02 9.02637862e-01
 2.10000000e+01 3.79623833e-02 -9.47159067e-01
 2.20000000e+01 3.79623833e-02 9.47159067e-01
 2.30000000e+01 2.44178511e-02 -9.78385446e-01
 2.40000000e+01 2.44178511e-02 9.78385446e-01
 2.50000000e+01 1.05513726e-02 -9.95885701e-01
 2.60000000e+01 1.05513726e-02 9.95885701e-01
