 1.00000000e+00 1.14220867e-01 0.00000000e+00
 2.00000000e+00 1.13476346e-01 -1.13972586e-01
 3.00000000e+00 1.13476346e-01 1.13972586e-01
 4.00000000e+00 1.11252488e-01 -2.26459365e-01
 5.00000000e+00 1.11252488e-01 2.26459365e-01
 6.00000000e+00 1.07578286e-01 -3.35993904e-01
 7.00000000e+00 1.07578286e-01 3.35993904e-01
 8.00000000e+00 1.02501638e-01 -4.41148252e-01
 9.00000000e+00 1.02501638e-01 4.41148252e-01
 1.00000000e+01 9.60887274e-02 -5.40551565e-01
 1.10000000e+01 9.60887274e-02 5.40551565e-01
 1.20000000e+01 8.84231585e-02 -6.32907972e-01
 1.30000000e+01 8.84231585e-02 6.32907972e-01
 1.40000000e+01 7.96048678e-02 -7.17013474e-01
 1.50000000e+01 7.96048678e-02 7.17013474e-01
 1.60000000e+01 6.97488238e-02 -7.91771639e-01
 1.70000000e+01 6.97488238e-02 7.91771639e-01
 1.80000000e+01 5.89835369e-02 -8.56207908e-01
 1.90000000e+01 5.89835369e-02 8.56207908e-01
 2.00000000e+01 4.74494125e-02 -9.09482321e-01
 2.10000000e+01 4.74494125e-02 9.09482321e-01
 2.20000000e+01 3.52970538e-02 -9.50900558e-01
 2.30000000e+01 3.52970538e-02 9.50900558e-01
 2.40000000e+01 2.26862316e-02 -9.79923476e-01
 2.50000000e+01 2.26862316e-02 9.79923476e-01
 2.60000000e+01 9.79899605e-03 -9.96179263e-01
 2.70000000e+01 9.79899605e-03 9.96179263e-01
