 1.00000000e+00 1.10047013e-01 -5.50792899e-02
 2.00000000e+00 1.10047013e-01 5.50792899e-02
 3.00000000e+00 1.08711192e-01 -1.64569282e-01
 4.00000000e+00 1.08711192e-01 1.64569282e-01
 5.00000000e+00 1.06055766e-01 -2.72061628e-01
 6.00000000e+00 1.06055766e-01 2.72061628e-01
 7.00000000e+00 1.02112968e-01 -3.76251516e-01
 8.00000000e+00 1.02112968e-01 3.76251516e-01
 9.00000000e+00 9.69306580e-02 -4.75874225e-01
 1.00000000e+01 9.69306580e-02 4.75874225e-01
 1.10000000e+01 9.05717444e-02 -5.69720472e-01
 1.20000000e+01 9.05717444e-02 5.69720472e-01
 1.30000000e+01 8.31134172e-02 -6.56651094e-01
 1.40000000e+01 8.31134172e-02 6.56651094e-01
 1.50000000e+01 7.46462142e-02 -7.35610878e-01
 1.60000000e+01 7.46462142e-02 7.35610878e-01
 1.70000000e+01 6.52729240e-02 -8.05641371e-01
 1.80000000e+01 6.52729240e-02 8.05641371e-01
 1.90000000e+01 5.51073457e-02 -8.65892523e-01
 2.00000000e+01 5.51073457e-02 8.65892523e-01
 2.10000000e+01 4.42729348e-02 -9.15633026e-01
 2.20000000e+01 4.42729348e-02 9.15633026e-01
 2.30000000e+01 3.29014278e-02 -9.54259281e-01
 2.40000000e+01 3.29014278e-02 9.54259281e-01
 2.50000000e+01 2.11321126e-02 -9.81303165e-01
 2.60000000e+01 2.11321126e-02 9.81303165e-01
 2.70000000e+01 9.12428259e-03 -9.96442498e-01
 2.80000000e+01 9.12428259e-03 9.96442498e-01
