 1.00000000e+00 1.06479382e-01 0.00000000e+00
 2.00000000e+00 1.05876155e-01 -1.06278230e-01
 3.00000000e+00 1.05876155e-01 1.06278230e-01
 4.00000000e+00 1.04073310e-01 -2.11352286e-01
 5.00000000e+00 1.04073310e-01 2.11352286e-01
 6.00000000e+00 1.01091274e-01 -3.14031638e-01
 7.00000000e+00 1.01091274e-01 3.14031638e-01
 8.00000000e+00 9.69638341e-02 -4.13152888e-01
 9.00000000e+00 9.69638341e-02 4.13152888e-01
 1.00000000e+01 9.17377571e-02 -5.07592955e-01
 1.10000000e+01 9.17377571e-02 5.07592955e-01
 1.20000000e+01 8.54722574e-02 -5.96281797e-01
 1.30000000e+01 8.54722574e-02 5.96281797e-01
 1.40000000e+01 7.82383271e-02 -6.78214538e-01
 1.50000000e+01 7.82383271e-02 6.78214538e-01
 1.60000000e+01 7.01179333e-02 -7.52462852e-01
 1.70000000e+01 7.01179333e-02 7.52462852e-01
 1.80000000e+01 6.12030907e-02 -8.18185488e-01
 1.90000000e+01 6.12030907e-02 8.18185488e-01
 2.00000000e+01 5.15948269e-02 -8.74637805e-01
 2.10000000e+01 5.15948269e-02 8.74637805e-01
 2.20000000e+01 4.14020625e-02 -9.21180233e-01
 2.30000000e+01 4.14020625e-02 9.21180233e-01
 2.40000000e+01 3.07404922e-02 -9.57285596e-01
 2.50000000e+01 3.07404922e-02 9.57285596e-01
 2.60000000e+01 1.97320851e-02 -9.82545505e-01
 2.70000000e+01 1.97320851e-02 9.82545505e-01
 2.80000000e+01 8.51690388e-03 -9.96679442e-01
 2.90000000e+01 8.51690388e-03 9.96679442e-01
