 1.00000000e+00 1.02852653e-01 -5.14718426e-02
 2.00000000e+00 1.02852653e-01 5.14718426e-02
 3.00000000e+00 1.01762390e-01 -1.53869914e-01
 4.00000000e+00 1.01762390e-01 1.53869914e-01
 5.00000000e+00 9.95934206e-02 -2.54636926e-01
 6.00000000e+00 9.95934206e-02 2.54636926e-01
 7.00000000e+00 9.63687372e-02 -3.52704726e-01
 8.00000000e+00 9.63687372e-02 3.52704726e-01
 9.00000000e+00 9.21225222e-02 -4.47033770e-01
 1.00000000e+01 9.21225222e-02 4.47033770e-01
 1.10000000e+01 8.68997872e-02 -5.36624148e-01
 1.20000000e+01 8.68997872e-02 5.36624148e-01
 1.30000000e+01 8.07558952e-02 -6.20526183e-01
 1.40000000e+01 8.07558952e-02 6.20526183e-01
 1.50000000e+01 7.37559747e-02 -6.97850495e-01
 1.60000000e+01 7.37559747e-02 6.97850495e-01
 1.70000000e+01 6.59742299e-02 -7.67777432e-01
 1.80000000e+01 6.59742299e-02 7.67777432e-01
 1.90000000e+01 5.74931562e-02 -8.29565762e-01
 2.00000000e+01 5.74931562e-02 8.29565762e-01
 2.10000000e+01 4.84026728e-02 -8.82560536e-01
 2.20000000e+01 4.84026728e-02 8.82560536e-01
 2.30000000e+01 3.87991926e-02 -9.26200047e-01
 2.40000000e+01 3.87991926e-02 9.26200047e-01
 2.50000000e+01 2.87847079e-02 -9.60021865e-01
 2.60000000e+01 2.87847079e-02 9.60021865e-01
 2.70000000e+01 1.84664683e-02 -9.83668123e-01
 2.80000000e+01 1.84664683e-02 9.83668123e-01
 2.90000000e+01 7.96819250e-03 -9.96893484e-01
 3.00000000e+01 7.96819250e-03 9.96893484e-01
