 1.00000000e+00 9.97205448e-02 0.00000000e+00
 2.00000000e+00 9.92250112e-02 -9.95553122e-02
 3.00000000e+00 9.92250112e-02 9.95553122e-02
 4.00000000e+00 9.77433354e-02 -1.98121199e-01
 5.00000000e+00 9.77433354e-02 1.98121199e-01
 6.00000000e+00 9.52902429e-02 -2.94718070e-01
 7.00000000e+00 9.52902429e-02 2.94718070e-01
 8.00000000e+00 9.18901139e-02 -3.88385902e-01
 9.00000000e+00 9.18901139e-02 3.88385902e-01
 1.00000000e+01 8.75767406e-02 -4.78193782e-01
 1.10000000e+01 8.75767406e-02 4.78193782e-01
 1.20000000e+01 8.23929918e-02 -5.63249161e-01
 1.30000000e+01 8.23929918e-02 5.63249161e-01
 1.40000000e+01 7.63903866e-02 -6.42706723e-01
 1.50000000e+01 7.63903866e-02 6.42706723e-01
 1.60000000e+01 6.96285832e-02 -7.15776785e-01
 1.70000000e+01 6.96285832e-02 7.15776785e-01
 1.80000000e+01 6.21747866e-02 -7.81733148e-01
 1.90000000e+01 6.21747866e-02 7.81733148e-01
 2.00000000e+01 5.41030824e-02 -8.39920320e-01
 2.10000000e+01 5.41030824e-02 8.39920320e-01
 2.20000000e+01 4.54937075e-02 -8.89760030e-01
 2.30000000e+01 4.54937075e-02 8.89760030e-01
 2.40000000e+01 3.64322739e-02 -9.30756998e-01
 2.50000000e+01 3.64322739e-02 9.30756998e-01
 2.60000000e+01 2.70090192e-02 -9.62503925e-01
 2.70000000e+01 2.70090192e-02 9.62503925e-01
 2.80000000e+01 1.73186208e-02 -9.84685910e-01
 2.90000000e+01 1.73186208e-02 9.84685910e-01
 3.00000000e+01 7.47083158e-03 -9.97087482e-01
 3.10000000e+01 7.47083158e-03 9.97087482e-01
