 1.00000000e+00 9.65400885e-02 -4.83076657e-02
 2.00000000e+00 9.65400885e-02 4.83076657e-02
 3.00000000e+00 9.56387201e-02 -1.44471962e-01
 4.00000000e+00 9.56387201e-02 1.44471962e-01
 5.00000000e+00 9.38443991e-02 -2.39287362e-01
 6.00000000e+00 9.38443991e-02 2.39287362e-01
 7.00000000e+00 9.11738787e-02 -3.31868602e-01
 8.00000000e+00 9.11738787e-02 3.31868602e-01
 9.00000000e+00 8.76520930e-02 -4.21351276e-01
 1.00000000e+01 8.76520930e-02 4.21351276e-01
 1.10000000e+01 8.33119242e-02 -5.06899909e-01
 1.20000000e+01 8.33119242e-02 5.06899909e-01
 1.30000000e+01 7.81938958e-02 -5.87715757e-01
 1.40000000e+01 7.81938958e-02 5.87715757e-01
 1.50000000e+01 7.23457941e-02 -6.63044267e-01
 1.60000000e+01 7.23457941e-02 6.63044267e-01
 1.70000000e+01 6.58222228e-02 -7.32182119e-01
 1.80000000e+01 6.58222228e-02 7.32182119e-01
 1.90000000e+01 5.86840935e-02 -7.94483796e-01
 2.00000000e+01 5.86840935e-02 7.94483796e-01
 2.10000000e+01 5.09980593e-02 -8.49367614e-01
 2.20000000e+01 5.09980593e-02 8.49367614e-01
 2.30000000e+01 4.28358980e-02 -8.96321156e-01
 2.40000000e+01 4.28358980e-02 8.96321156e-01
 2.50000000e+01 3.42738629e-02 -9.34906076e-01
 2.60000000e+01 3.42738629e-02 9.34906076e-01
 2.70000000e+01 2.53920653e-02 -9.64762256e-01
 2.80000000e+01 2.53920653e-02 9.64762256e-01
 2.90000000e+01 1.62743947e-02 -9.85611512e-01
 3.00000000e+01 1.62743947e-02 9.85611512e-01
 3.10000000e+01 7.01861001e-03 -9.97263862e-01
 3.20000000e+01 7.01861001e-03 9.97263862e-01
