 1.00000000e+00 9.37684462e-02 0.00000000e+00
 2.00000000e+00 9.33564261e-02 -9.36310659e-02
 3.00000000e+00 9.33564261e-02 9.36310659e-02
 4.00000000e+00 9.21239866e-02 -1.86439299e-01
 5.00000000e+00 9.21239866e-02 1.86439299e-01
 6.00000000e+00 9.00819587e-02 -2.77609097e-01
 7.00000000e+00 9.00819587e-02 2.77609097e-01
 8.00000000e+00 8.72482876e-02 -3.66339258e-01
 9.00000000e+00 8.72482876e-02 3.66339258e-01
 1.00000000e+01 8.36478761e-02 -4.51850017e-01
 1.10000000e+01 8.36478761e-02 4.51850017e-01
 1.20000000e+01 7.93123648e-02 -5.33389905e-01
 1.30000000e+01 7.93123648e-02 5.33389905e-01
 1.40000000e+01 7.42798548e-02 -6.10242346e-01
 1.50000000e+01 7.42798548e-02 6.10242346e-01
 1.60000000e+01 6.85945728e-02 -6.81731960e-01
 1.70000000e+01 6.85945728e-02 6.81731960e-01
 1.80000000e+01 6.23064825e-02 -7.47230496e-01
 1.90000000e+01 6.23064825e-02 7.47230496e-01
 2.00000000e+01 5.54708466e-02 -8.06162356e-01
 2.10000000e+01 5.54708466e-02 8.06162356e-01
 2.20000000e+01 4.81477428e-02 -8.58009653e-01
 2.30000000e+01 4.81477428e-02 8.58009653e-01
 2.40000000e+01 4.04015413e-02 -9.02316768e-01
 2.50000000e+01 4.04015413e-02 9.02316768e-01
 2.60000000e+01 3.23003586e-02 -9.38694373e-01
 2.70000000e+01 3.23003586e-02 9.38694373e-01
 2.80000000e+01 2.39155481e-02 -9.66822910e-01
 2.90000000e+01 2.39155481e-02 9.66822910e-01
 3.00000000e+01 1.53217015e-02 -9.86455726e-01
 3.10000000e+01 1.53217015e-02 9.86455726e-01
 3.20000000e+01 6.60622785e-03 -9.97424694e-01
 3.30000000e+01 6.60622785e-03 9.97424694e-01
