 1.00000000e+00 9.09567403e-02 -4.55098220e-02
 2.00000000e+00 9.09567403e-02 4.55098220e-02
 3.00000000e+00 9.02030444e-02 -1.36152357e-01
 4.00000000e+00 9.02030444e-02 1.36152357e-01
 5.00000000e+00 8.87018978e-02 -2.25666692e-01
 6.00000000e+00 8.87018978e-02 2.25666692e-01
 7.00000000e+00 8.64657397e-02 -3.13311081e-01
 8.00000000e+00 8.64657397e-02 3.13311081e-01
 9.00000000e+00 8.35130997e-02 -3.98359278e-01
 1.00000000e+01 8.35130997e-02 3.98359278e-01
 1.10000000e+01 7.98684443e-02 -4.80106545e-01
 1.20000000e+01 7.98684443e-02 4.80106545e-01
 1.30000000e+01 7.55619747e-02 -5.57875501e-01
 1.40000000e+01 7.55619747e-02 5.57875501e-01
 1.50000000e+01 7.06293758e-02 -6.31021727e-01
 1.60000000e+01 7.06293758e-02 6.31021727e-01
 1.70000000e+01 6.51115216e-02 -6.98939113e-01
 1.80000000e+01 6.51115216e-02 6.98939113e-01
 1.90000000e+01 5.90541358e-02 -7.61064877e-01
 2.00000000e+01 5.90541358e-02 7.61064877e-01
 2.10000000e+01 5.25074146e-02 -8.16884228e-01
 2.20000000e+01 5.25074146e-02 8.16884228e-01
 2.30000000e+01 4.55256115e-02 -8.65934638e-01
 2.40000000e+01 4.55256115e-02 8.65934638e-01
 2.50000000e+01 3.81665938e-02 -9.07809678e-01
 2.60000000e+01 3.81665938e-02 9.07809678e-01
 2.70000000e+01 3.04913806e-02 -9.42162397e-01
 2.80000000e+01 3.04913806e-02 9.42162397e-01
 2.90000000e+01 2.25637220e-02 -9.68708263e-01
 3.00000000e+01 2.25637220e-02 9.68708263e-01
 3.10000000e+01 1.44501627e-02 -9.87227816e-01
 3.20000000e+01 1.44501627e-02 9.87227816e-01
 3.30000000e+01 6.22914056e-03 -9.97571754e-01
 3.40000000e+01 6.22914056e-03 9.97571754e-01
