 1.00000000e+00 8.84867949e-02 0.00000000e+00
 2.00000000e+00 8.81405304e-02 -8.83713433e-02
 3.00000000e+00 8.81405304e-02 8.83713433e-02
 4.00000000e+00 8.71044470e-02 -1.76051061e-01
 5.00000000e+00 8.71044470e-02 1.76051061e-01
 6.00000000e+00 8.53866534e-02 -2.62352941e-01
 7.00000000e+00 8.53866534e-02 2.62352941e-01
 8.00000000e+00 8.30005937e-02 -3.46601554e-01
 9.00000000e+00 8.30005937e-02 3.46601554e-01
 1.00000000e+01 7.99649422e-02 -4.28137542e-01
 1.10000000e+01 7.99649422e-02 4.28137542e-01
 1.20000000e+01 7.63034572e-02 -5.06322773e-01
 1.30000000e+01 7.63034572e-02 5.06322773e-01
 1.40000000e+01 7.20447948e-02 -5.80545345e-01
 1.50000000e+01 7.20447948e-02 5.80545345e-01
 1.60000000e+01 6.72222853e-02 -6.50224365e-01
 1.70000000e+01 6.72222853e-02 6.50224365e-01
 1.80000000e+01 6.18736720e-02 -7.14814502e-01
 1.90000000e+01 6.18736720e-02 7.14814502e-01
 2.00000000e+01 5.60408162e-02 -7.73810252e-01
 2.10000000e+01 5.60408162e-02 7.73810252e-01
 2.20000000e+01 4.97693704e-02 -8.26749899e-01
 2.30000000e+01 4.97693704e-02 8.26749899e-01
 2.40000000e+01 4.31084223e-02 -8.73219125e-01
 2.50000000e+01 4.31084223e-02 8.73219125e-01
 2.60000000e+01 3.61101159e-02 -9.12854261e-01
 2.70000000e+01 3.61101159e-02 9.12854261e-01
 2.80000000e+01 2.88292601e-02 -9.45345148e-01
 2.90000000e+01 2.88292601e-02 9.45345148e-01
 3.00000000e+01 2.13229799e-02 -9.70437616e-01
 3.10000000e+01 2.13229799e-02 9.70437616e-01
 3.20000000e+01 1.36508283e-02 -9.87935764e-01
 3.30000000e+01 1.36508283e-02 9.87935764e-01
 3.40000000e+01 5.88343342e-03 -9.97706569e-01
 3.50000000e+01 5.88343342e-03 9.97706569e-01
