 1.00000000e+00 8.59832757e-02 -4.30181985e-02
 2.00000000e+00 8.59832757e-02 4.30181985e-02
 3.00000000e+00 8.53466857e-02 -1.28736104e-01
 4.00000000e+00 8.53466857e-02 1.28736104e-01
 5.00000000e+00 8.40782190e-02 -2.13500892e-01
 6.00000000e+00 8.40782190e-02 2.13500892e-01
 7.00000000e+00 8.21872667e-02 -2.96684995e-01
 8.00000000e+00 8.21872667e-02 2.96684995e-01
 9.00000000e+00 7.96878289e-02 -3.77672547e-01
 1.00000000e+01 7.96878289e-02 3.77672547e-01
 1.10000000e+01 7.65984106e-02 -4.55863944e-01
 1.20000000e+01 7.65984106e-02 4.55863944e-01
 1.30000000e+01 7.29418850e-02 -5.30680286e-01
 1.40000000e+01 7.29418850e-02 5.30680286e-01
 1.50000000e+01 6.87453238e-02 -6.01567658e-01
 1.60000000e+01 6.87453238e-02 6.01567658e-01
 1.70000000e+01 6.40397974e-02 -6.68001237e-01
 1.80000000e+01 6.40397974e-02 6.68001237e-01
 1.90000000e+01 5.88601442e-02 -7.29489172e-01
 2.00000000e+01 5.88601442e-02 7.29489172e-01
 2.10000000e+01 5.32447140e-02 -7.85576230e-01
 2.20000000e+01 5.32447140e-02 7.85576230e-01
 2.30000000e+01 4.72350835e-02 -8.35847167e-01
 2.40000000e+01 4.72350835e-02 8.35847167e-01
 2.50000000e+01 4.08757509e-02 -8.79929801e-01
 2.60000000e+01 4.08757509e-02 8.79929801e-01
 2.70000000e+01 3.42138108e-02 -9.17497775e-01
 2.80000000e+01 3.42138108e-02 9.17497775e-01
 2.90000000e+01 2.72986215e-02 -9.48272984e-01
 3.00000000e+01 2.72986215e-02 9.48272984e-01
 3.10000000e+01 2.01815153e-02 -9.72027691e-01
 3.20000000e+01 2.01815153e-02 9.72027691e-01
 3.30000000e+01 1.29159473e-02 -9.88586479e-01
 3.40000000e+01 1.29159473e-02 9.88586479e-01
 3.50000000e+01 5.56571966e-03 -9.97830462e-01
 3.60000000e+01 5.56571966e-03 9.97830462e-01
