 1.00000000e+00 8.37683610e-02 0.00000000e+00
 2.00000000e+00 8.34745736e-02 -8.36704090e-02
 3.00000000e+00 8.34745736e-02 8.36704090e-02
 4.00000000e+00 8.25952722e-02 -1.66753930e-01
 5.00000000e+00 8.25952722e-02 1.66753930e-01
 6.00000000e+00 8.11366245e-02 -2.48667793e-01
 7.00000000e+00 8.11366245e-02 2.48667793e-01
 8.00000000e+00 7.91088618e-02 -3.28837430e-01
 9.00000000e+00 7.91088618e-02 3.28837430e-01
 1.00000000e+01 7.65262076e-02 -4.06700509e-01
 1.10000000e+01 7.65262076e-02 4.06700509e-01
 1.20000000e+01 7.34067772e-02 -4.81710878e-01
 1.30000000e+01 7.34067772e-02 4.81710878e-01
 1.40000000e+01 6.97724516e-02 -5.53342392e-01
 1.50000000e+01 6.97724516e-02 5.53342392e-01
 1.60000000e+01 6.56487229e-02 -6.21092608e-01
 1.70000000e+01 6.56487229e-02 6.21092608e-01
 1.80000000e+01 6.10645165e-02 -6.84486309e-01
 1.90000000e+01 6.10645165e-02 6.84486309e-01
 2.00000000e+01 5.60519880e-02 -7.43078834e-01
 2.10000000e+01 5.60519880e-02 7.43078834e-01
 2.20000000e+01 5.06462977e-02 -7.96459201e-01
 2.30000000e+01 5.06462977e-02 7.96459201e-01
 2.40000000e+01 4.48853647e-02 -8.44252987e-01
 2.50000000e+01 4.48853647e-02 8.44252987e-01
 2.60000000e+01 3.88096025e-02 -8.86124962e-01
 2.70000000e+01 3.88096025e-02 8.86124962e-01
 2.80000000e+01 3.24616398e-02 -9.21781437e-01
 2.90000000e+01 3.24616398e-02 9.21781437e-01
 3.00000000e+01 2.58860370e-02 -9.50972343e-01
 3.10000000e+01 2.58860370e-02 9.50972343e-01
 3.20000000e+01 1.91290445e-02 -9.73493030e-01
 3.30000000e+01 1.91290445e-02 9.73493030e-01
 3.40000000e+01 1.22387801e-02 -9.89185963e-01
 3.50000000e+01 1.22387801e-02 9.89185963e-01
 3.60000000e+01 5.27305728e-03 -9.97944582e-01
 3.70000000e+01 5.27305728e-03 9.97944582e-01
