 1.00000000e+00 8.15250293e-02 -4.07851479e-02
 2.00000000e+00 8.15250293e-02 4.07851479e-02
 3.00000000e+00 8.09824938e-02 -1.22084025e-01
 4.00000000e+00 8.09824938e-02 1.22084025e-01
 5.00000000e+00 7.99010332e-02 -2.02570454e-01
 6.00000000e+00 7.99010332e-02 2.02570454e-01
 7.00000000e+00 7.82878447e-02 -2.81708810e-01
 8.00000000e+00 7.82878447e-02 2.81708810e-01
 9.00000000e+00 7.61536635e-02 -3.58972440e-01
 1.00000000e+01 7.61536635e-02 3.58972440e-01
 1.10000000e+01 7.35126926e-02 -4.33847169e-01
 1.20000000e+01 7.35126926e-02 4.33847169e-01
 1.30000000e+01 7.03825071e-02 -5.05834718e-01
 1.40000000e+01 7.03825071e-02 5.05834718e-01
 1.50000000e+01 6.67839380e-02 -5.74456021e-01
 1.60000000e+01 6.67839380e-02 5.74456021e-01
 1.70000000e+01 6.27409334e-02 -6.39254416e-01
 1.80000000e+01 6.27409334e-02 6.39254416e-01
 1.90000000e+01 5.82803991e-02 -6.99798680e-01
 2.00000000e+01 5.82803991e-02 6.99798680e-01
 2.10000000e+01 5.34320199e-02 -7.55685904e-01
 2.20000000e+01 5.34320199e-02 7.55685904e-01
 2.30000000e+01 4.82280619e-02 -8.06544168e-01
 2.40000000e+01 4.82280619e-02 8.06544168e-01
 2.50000000e+01 4.27031585e-02 -8.52035022e-01
 2.60000000e+01 4.27031585e-02 8.52035022e-01
 2.70000000e+01 3.68940816e-02 -8.91855739e-01
 2.80000000e+01 3.68940816e-02 8.91855739e-01
 2.90000000e+01 3.08395005e-02 -9.25741332e-01
 3.00000000e+01 3.08395005e-02 9.25741332e-01
 3.10000000e+01 2.45797397e-02 -9.53466331e-01
 3.20000000e+01 2.45797397e-02 9.53466331e-01
 3.30000000e+01 1.81565777e-02 -9.74846329e-01
 3.40000000e+01 1.81565777e-02 9.74846329e-01
 3.50000000e+01 1.16134447e-02 -9.89739454e-01
 3.60000000e+01 1.16134447e-02 9.89739454e-01
 3.70000000e+01 5.00288075e-03 -9.98049931e-01
 3.80000000e+01 5.00288075e-03 9.98049931e-01
