 1.00000000e+00 7.95276221e-02 0.00000000e+00
 2.00000000e+00 7.92762226e-02 -7.94438046e-02
 3.00000000e+00 7.92762226e-02 7.94438046e-02
 4.00000000e+00 7.85236133e-02 -1.58385340e-01
 5.00000000e+00 7.85236133e-02 1.58385340e-01
 6.00000000e+00 7.72745525e-02 -2.36325512e-01
 7.00000000e+00 7.72745525e-02 2.36325512e-01
 8.00000000e+00 7.55369373e-02 -3.12771559e-01
 9.00000000e+00 7.55369373e-02 3.12771559e-01
 1.00000000e+01 7.33217534e-02 -3.87240164e-01
 1.10000000e+01 7.33217534e-02 3.87240164e-01
 1.20000000e+01 7.06430060e-02 -4.59260512e-01
 1.30000000e+01 7.06430060e-02 4.59260512e-01
 1.40000000e+01 6.75176310e-02 -5.28377269e-01
 1.50000000e+01 6.75176310e-02 5.28377269e-01
 1.60000000e+01 6.39653881e-02 -5.94153455e-01
 1.70000000e+01 6.39653881e-02 5.94153455e-01
 1.80000000e+01 6.00087361e-02 -6.56173213e-01
 1.90000000e+01 6.00087361e-02 6.56173213e-01
 2.00000000e+01 5.56726903e-02 -7.14044436e-01
 2.10000000e+01 5.56726903e-02 7.14044436e-01
 2.20000000e+01 5.09846653e-02 -7.67401243e-01
 2.30000000e+01 5.09846653e-02 7.67401243e-01
 2.40000000e+01 4.59743011e-02 -8.15906297e-01
 2.50000000e+01 4.59743011e-02 8.15906297e-01
 2.60000000e+01 4.06732768e-02 -8.59252938e-01
 2.70000000e+01 4.06732768e-02 8.59252938e-01
 2.80000000e+01 3.51151115e-02 -8.97167119e-01
 2.90000000e+01 3.51151115e-02 8.97167119e-01
 3.00000000e+01 2.93349560e-02 -9.29409148e-01
 3.10000000e+01 2.93349560e-02 9.29409148e-01
 3.20000000e+01 2.33693848e-02 -9.55775212e-01
 3.30000000e+01 2.33693848e-02 9.55775212e-01
 3.40000000e+01 1.72562291e-02 -9.76098709e-01
 3.50000000e+01 1.72562291e-02 9.76098709e-01
 3.60000000e+01 1.10347889e-02 -9.90251537e-01
 3.70000000e+01 1.10347889e-02 9.90251537e-01
 3.80000000e+01 4.75294469e-03 -9.98147383e-01
 3.90000000e+01 4.75294469e-03 9.98147383e-01
