 1.00000000e+00 7.75059480e-02 -3.87724175e-02
 2.00000000e+00 7.75059480e-02 3.87724175e-02
 3.00000000e+00 7.70398182e-02 -1.16084071e-01
 4.00000000e+00 7.70398182e-02 1.16084071e-01
 5.00000000e+00 7.61103619e-02 -1.92697581e-01
 6.00000000e+00 7.61103619e-02 1.92697581e-01
 7.00000000e+00 7.47231691e-02 -2.68152185e-01
 8.00000000e+00 7.47231691e-02 2.68152185e-01
 9.00000000e+00 7.28865824e-02 -3.41994091e-01
 1.00000000e+01 7.28865824e-02 3.41994091e-01
 1.10000000e+01 7.06116474e-02 -4.13779204e-01
 1.20000000e+01 7.06116474e-02 4.13779204e-01
 1.30000000e+01 6.79120458e-02 -4.83075802e-01
 1.40000000e+01 6.79120458e-02 4.83075802e-01
 1.50000000e+01 6.48040135e-02 -5.49467125e-01
 1.60000000e+01 6.48040135e-02 5.49467125e-01
 1.70000000e+01 6.13062425e-02 -6.12553890e-01
 1.80000000e+01 6.13062425e-02 6.12553890e-01
 1.90000000e+01 5.74397691e-02 -6.71956685e-01
 2.00000000e+01 5.74397691e-02 6.71956685e-01
 2.10000000e+01 5.32278470e-02 -7.27318255e-01
 2.20000000e+01 5.32278470e-02 7.27318255e-01
 2.30000000e+01 4.86958076e-02 -7.78305651e-01
 2.40000000e+01 4.86958076e-02 7.78305651e-01
 2.50000000e+01 4.38709082e-02 -8.24612231e-01
 2.60000000e+01 4.38709082e-02 8.24612231e-01
 2.70000000e+01 3.87821680e-02 -8.65959503e-01
 2.80000000e+01 3.87821680e-02 8.65959503e-01
 2.90000000e+01 3.34601953e-02 -9.02098807e-01
 3.00000000e+01 3.34601953e-02 9.02098807e-01
 3.10000000e+01 2.79370070e-02 -9.32812808e-01
 3.20000000e+01 2.79370070e-02 9.32812808e-01
 3.30000000e+01 2.22458492e-02 -9.57916819e-01
 3.40000000e+01 2.22458492e-02 9.57916819e-01
 3.50000000e+01 1.64210584e-02 -9.77259950e-01
 3.60000000e+01 1.64210584e-02 9.77259950e-01
 3.70000000e+01 1.04982845e-02 -9.90726239e-01
 3.80000000e+01 1.04982845e-02 9.90726239e-01
 3.90000000e+01 4.52127710e-03 -9.98237710e-01
 4.00000000e+01 4.52127710e-03 9.98237710e-01
