 1.00000000e+00 7.56955356e-02 0.00000000e+00
 2.00000000e+00 7.54787471e-02 -7.56232590e-02
 3.00000000e+00 7.54787471e-02 7.56232590e-02
 4.00000000e+00 7.48296232e-02 -1.50813355e-01
 5.00000000e+00 7.48296232e-02 1.50813355e-01
 6.00000000e+00 7.37518820e-02 -2.25139606e-01
 7.00000000e+00 7.37518820e-02 2.25139606e-01
 8.00000000e+00 7.22516969e-02 -2.98176277e-01
 9.00000000e+00 7.22516969e-02 2.98176277e-01
 1.00000000e+01 7.03376606e-02 -3.69505023e-01
 1.10000000e+01 7.03376606e-02 3.69505023e-01
 1.20000000e+01 6.80207368e-02 -4.38717277e-01
 1.30000000e+01 6.80207368e-02 4.38717277e-01
 1.40000000e+01 6.53141965e-02 -5.05416599e-01
 1.50000000e+01 6.53141965e-02 5.05416599e-01
 1.60000000e+01 6.22335426e-02 -5.69220942e-01
 1.70000000e+01 6.22335426e-02 5.69220942e-01
 1.80000000e+01 5.87964209e-02 -6.29764839e-01
 1.90000000e+01 5.87964209e-02 6.29764839e-01
 2.00000000e+01 5.50225192e-02 -6.86701502e-01
 2.10000000e+01 5.50225192e-02 6.86701502e-01
 2.20000000e+01 5.09334543e-02 -7.39704803e-01
 2.30000000e+01 5.09334543e-02 7.39704803e-01
 2.40000000e+01 4.65526484e-02 -7.88471145e-01
 2.50000000e+01 4.65526484e-02 7.88471145e-01
 2.60000000e+01 4.19051952e-02 -8.32721200e-01
 2.70000000e+01 4.19051952e-02 8.32721200e-01
 2.80000000e+01 3.70177167e-02 -8.72201512e-01
 2.90000000e+01 3.70177167e-02 8.72201512e-01
 3.00000000e+01 3.19182117e-02 -9.06685945e-01
 3.10000000e+01 3.19182117e-02 9.06685945e-01
 3.20000000e+01 2.66358992e-02 -9.35976987e-01
 3.30000000e+01 2.66358992e-02 9.35976987e-01
 3.40000000e+01 2.12010634e-02 -9.59906892e-01
 3.50000000e+01 2.12010634e-02 9.59906892e-01
 3.60000000e+01 1.56449384e-02 -9.78338674e-01
 3.70000000e+01 1.56449384e-02 9.78338674e-01
 3.80000000e+01 9.99993877e-03 -9.91167110e-01
 3.90000000e+01 9.99993877e-03 9.91167110e-01
 4.00000000e+01 4.30614036e-03 -9.98321589e-01
 4.10000000e+01 4.30614036e-03 9.98321589e-01
