 1.00000000e+00 7.38642342e-02 -3.69489432e-02
 2.00000000e+00 7.38642342e-02 3.69489432e-02
 3.00000000e+00 7.34608135e-02 -1.10645027e-01
 4.00000000e+00 7.34608135e-02 1.10645027e-01
 5.00000000e+00 7.26561752e-02 -1.83736807e-01
 6.00000000e+00 7.26561752e-02 1.83736807e-01
 7.00000000e+00 7.14547143e-02 -2.55825079e-01
 8.00000000e+00 7.14547143e-02 2.55825079e-01
 9.00000000e+00 6.98629925e-02 -3.26516124e-01
 1.00000000e+01 6.98629925e-02 3.26516124e-01
 1.10000000e+01 6.78897034e-02 -3.95423852e-01
 1.20000000e+01 6.78897034e-02 3.95423852e-01
 1.30000000e+01 6.55456244e-02 -4.62171912e-01
 1.40000000e+01 6.55456244e-02 4.62171912e-01
 1.50000000e+01 6.28435580e-02 -5.26395750e-01
 1.60000000e+01 6.28435580e-02 5.26395750e-01
 1.70000000e+01 5.97982622e-02 -5.87744597e-01
 1.80000000e+01 5.97982622e-02 5.87744597e-01
 1.90000000e+01 5.64263694e-02 -6.45883389e-01
 2.00000000e+01 5.64263694e-02 6.45883389e-01
 2.10000000e+01 5.27462957e-02 -7.00494591e-01
 2.20000000e+01 5.27462957e-02 7.00494591e-01
 2.30000000e+01 4.87781408e-02 -7.51279936e-01
 2.40000000e+01 4.87781408e-02 7.51279936e-01
 2.50000000e+01 4.45435778e-02 -7.97962053e-01
 2.60000000e+01 4.45435778e-02 7.97962053e-01
 2.70000000e+01 4.00657352e-02 -8.40285983e-01
 2.80000000e+01 4.00657352e-02 8.40285983e-01
 2.90000000e+01 3.53690711e-02 -8.78020570e-01
 3.00000000e+01 3.53690711e-02 8.78020570e-01
 3.10000000e+01 3.04792407e-02 -9.10959725e-01
 3.20000000e+01 3.04792407e-02 9.10959725e-01
 3.30000000e+01 2.54229595e-02 -9.38923557e-01
 3.40000000e+01 2.54229595e-02 9.38923557e-01
 3.50000000e+01 2.02278696e-02 -9.61759365e-01
 3.60000000e+01 2.02278696e-02 9.61759365e-01
 3.70000000e+01 1.49224437e-02 -9.79342508e-01
 3.80000000e+01 1.49224437e-02 9.79342508e-01
 3.90000000e+01 9.53622030e-03 -9.91577288e-01
 4.00000000e+01 9.53622030e-03 9.91577288e-01
 4.10000000e+01 4.10599860e-03 -9.98399619e-01
 4.20000000e+01 4.10599860e-03 9.98399619e-01
