 1.00000000e+00 7.22157517e-02 0.00000000e+00
 2.00000000e+00 7.20275020e-02 -7.21529909e-02
 3.00000000e+00 7.20275020e-02 7.21529909e-02
 4.00000000e+00 7.14637343e-02 -1.43929810e-01
 5.00000000e+00 7.14637343e-02 1.43929810e-01
 6.00000000e+00 7.05273878e-02 -2.14956245e-01
 7.00000000e+00 7.05273878e-02 2.14956245e-01
 8.00000000e+00 6.92233442e-02 -2.84861998e-01
 9.00000000e+00 6.92233442e-02 2.84861998e-01
 1.00000000e+01 6.75584022e-02 -3.53282613e-01
 1.10000000e+01 6.75584022e-02 3.53282613e-01
 1.20000000e+01 6.55412421e-02 -4.19861376e-01
 1.30000000e+01 6.55412421e-02 4.19861376e-01
 1.40000000e+01 6.31823804e-02 -4.84251177e-01
 1.50000000e+01 6.31823804e-02 4.84251177e-01
 1.60000000e+01 6.04941152e-02 -5.46116317e-01
 1.70000000e+01 6.04941152e-02 5.46116317e-01
 1.80000000e+01 5.74904620e-02 -6.05134260e-01
 1.90000000e+01 5.74904620e-02 6.05134260e-01
 2.00000000e+01 5.41870803e-02 -6.60997314e-01
 2.10000000e+01 5.41870803e-02 6.60997314e-01
 2.20000000e+01 5.06011928e-02 -7.13414235e-01
 2.30000000e+01 5.06011928e-02 7.13414235e-01
 2.40000000e+01 4.67514948e-02 -7.62111747e-01
 2.50000000e+01 4.67514948e-02 7.62111747e-01
 2.60000000e+01 4.26580572e-02 -8.06835964e-01
 2.70000000e+01 4.26580572e-02 8.06835964e-01
 2.80000000e+01 3.83422222e-02 -8.47353716e-01
 2.90000000e+01 3.83422222e-02 8.47353716e-01
 3.00000000e+01 3.38264921e-02 -8.83453765e-01
 3.10000000e+01 3.38264921e-02 8.83453765e-01
 3.20000000e+01 2.91344133e-02 -9.14947907e-01
 3.30000000e+01 2.91344133e-02 9.14947907e-01
 3.40000000e+01 2.42904566e-02 -9.41671957e-01
 3.50000000e+01 2.42904566e-02 9.41671957e-01
 3.60000000e+01 1.93199014e-02 -9.63486613e-01
 3.70000000e+01 1.93199014e-02 9.63486613e-01
 3.80000000e+01 1.42487564e-02 -9.80278221e-01
 3.90000000e+01 1.42487564e-02 9.80278221e-01
 4.00000000e+01 9.10399664e-03 -9.91959558e-01
 4.10000000e+01 9.10399664e-03 9.91959558e-01
 4.20000000e+01 3.91949025e-03 -9.98472332e-01
 4.30000000e+01 3.91949025e-03 9.98472332e-01
