 1.00000000e+00 7.05491578e-02 -3.52892370e-02
 2.00000000e+00 7.05491578e-02 3.52892370e-02
 3.00000000e+00 7.01976855e-02 -1.05691902e-01
 4.00000000e+00 7.01976855e-02 1.05691902e-01
 5.00000000e+00 6.94964919e-02 -1.75568015e-01
 6.00000000e+00 6.94964919e-02 1.75568015e-01
 7.00000000e+00 6.84490703e-02 -2.44569457e-01
 8.00000000e+00 6.84490703e-02 2.44569457e-01
 9.00000000e+00 6.70606389e-02 -3.12352467e-01
 1.00000000e+01 6.70606389e-02 3.12352467e-01
 1.10000000e+01 6.53381149e-02 -3.78579352e-01
 1.20000000e+01 6.53381149e-02 3.78579352e-01
 1.30000000e+01 6.32900797e-02 -4.42920175e-01
 1.40000000e+01 6.32900797e-02 4.42920175e-01
 1.50000000e+01 6.09267367e-02 -5.05054391e-01
 1.60000000e+01 6.09267367e-02 5.05054391e-01
 1.70000000e+01 5.82598599e-02 -5.64672453e-01
 1.80000000e+01 5.82598599e-02 5.64672453e-01
 1.90000000e+01 5.53027356e-02 -6.21477346e-01
 2.00000000e+01 5.53027356e-02 6.21477346e-01
 2.10000000e+01 5.20700961e-02 -6.75186071e-01
 2.20000000e+01 5.20700961e-02 6.75186071e-01
 2.30000000e+01 4.85780464e-02 -7.25531054e-01
 2.40000000e+01 4.85780464e-02 7.25531054e-01
 2.50000000e+01 4.48439841e-02 -7.72261479e-01
 2.60000000e+01 4.48439841e-02 7.72261479e-01
 2.70000000e+01 4.08865123e-02 -8.15144540e-01
 2.80000000e+01 4.08865123e-02 8.15144540e-01
 2.90000000e+01 3.67253478e-02 -8.53966595e-01
 3.00000000e+01 3.67253478e-02 8.53966595e-01
 3.10000000e+01 3.23812228e-02 -8.88534238e-01
 3.20000000e+01 3.23812228e-02 8.88534238e-01
 3.30000000e+01 2.78757828e-02 -9.18675260e-01
 3.40000000e+01 2.78757828e-02 9.18675260e-01
 3.50000000e+01 2.32314819e-02 -9.44239509e-01
 3.60000000e+01 2.32314819e-02 9.44239509e-01
 3.70000000e+01 1.84714817e-02 -9.65099650e-01
 3.80000000e+01 1.84714817e-02 9.65099650e-01
 3.90000000e+01 1.36195868e-02 -9.81151833e-01
 4.00000000e+01 1.36195868e-02 9.81151833e-01
 4.10000000e+01 8.70048137e-03 -9.92316392e-01
 4.20000000e+01 8.70048137e-03 9.92316392e-01
 4.30000000e+01 3.74540480e-03 -9.98540201e-01
 4.40000000e+01 3.74540480e-03 9.98540201e-01
