 1.00000000e+00 6.90418248e-02 0.00000000e+00
 2.00000000e+00 6.88773170e-02 -6.89869802e-02
 3.00000000e+00 6.88773170e-02 6.89869802e-02
 4.00000000e+00 6.83845774e-02 -1.37645206e-01
 5.00000000e+00 6.83845774e-02 1.37645206e-01
 6.00000000e+00 6.75659542e-02 -2.05647490e-01
 7.00000000e+00 6.75659542e-02 2.05647490e-01
 8.00000000e+00 6.64253484e-02 -2.72669770e-01
 9.00000000e+00 6.64253484e-02 2.72669770e-01
 1.00000000e+01 6.49681958e-02 -3.38392654e-01
 1.10000000e+01 6.49681958e-02 3.38392654e-01
 1.20000000e+01 6.32014401e-02 -4.02502944e-01
 1.30000000e+01 6.32014401e-02 4.02502944e-01
 1.40000000e+01 6.11335008e-02 -4.64695124e-01
 1.50000000e+01 6.11335008e-02 4.64695124e-01
 1.60000000e+01 5.87742327e-02 -5.24672820e-01
 1.70000000e+01 5.87742327e-02 5.24672820e-01
 1.80000000e+01 5.61348788e-02 -5.82150213e-01
 1.90000000e+01 5.61348788e-02 5.82150213e-01
 2.00000000e+01 5.32280167e-02 -6.36853394e-01
 2.10000000e+01 5.32280167e-02 6.36853394e-01
 2.20000000e+01 5.00674992e-02 -6.88521681e-01
 2.30000000e+01 5.00674992e-02 6.88521681e-01
 2.40000000e+01 4.66683877e-02 -7.36908849e-01
 2.50000000e+01 4.66683877e-02 7.36908849e-01
 2.60000000e+01 4.30468807e-02 -7.81784313e-01
 2.70000000e+01 4.30468807e-02 7.81784313e-01
 2.80000000e+01 3.92202367e-02 -8.22934221e-01
 2.90000000e+01 3.92202367e-02 8.22934221e-01
 3.00000000e+01 3.52066922e-02 -8.60162476e-01
 3.10000000e+01 3.52066922e-02 8.60162476e-01
 3.20000000e+01 3.10253749e-02 -8.93291672e-01
 3.30000000e+01 3.10253749e-02 8.93291672e-01
 3.40000000e+01 2.66962140e-02 -9.22163937e-01
 3.50000000e+01 2.66962140e-02 9.22163937e-01
 3.60000000e+01 2.22398476e-02 -9.46641691e-01
 3.70000000e+01 2.22398476e-02 9.46641691e-01
 3.80000000e+01 1.76775353e-02 -9.66608310e-01
 3.90000000e+01 1.76775353e-02 9.66608310e-01
 4.00000000e+01 1.30311050e-02 -9.81968715e-01
 4.10000000e+01 1.30311050e-02 9.81968715e-01
 4.20000000e+01 8.32318930e-03 -9.92649998e-01
 4.30000000e+01 8.32318930e-03 9.92649998e-01
 4.40000000e+01 3.58266316e-03 -9.98603645e-01
 4.50000000e+01 3.58266316e-03 9.98603645e-01
