 1.00000000e+00 6.75186858e-02 -3.37721900e-02
 2.00000000e+00 6.75186858e-02 3.37721900e-02
 3.00000000e+00 6.72106136e-02 -1.01162475e-01
 4.00000000e+00 6.72106136e-02 1.01162475e-01
 5.00000000e+00 6.65958748e-02 -1.68091179e-01
 6.00000000e+00 6.65958748e-02 1.68091179e-01
 7.00000000e+00 6.56772743e-02 -2.34252922e-01
 8.00000000e+00 6.56772743e-02 2.34252922e-01
 9.00000000e+00 6.44590035e-02 -2.99345823e-01
 1.00000000e+01 6.44590035e-02 2.99345823e-01
 1.10000000e+01 6.29466211e-02 -3.63072877e-01
 1.20000000e+01 6.29466211e-02 3.63072877e-01
 1.30000000e+01 6.11470277e-02 -4.25143313e-01
 1.40000000e+01 6.11470277e-02 4.25143313e-01
 1.50000000e+01 5.90684346e-02 -4.85273918e-01
 1.60000000e+01 5.90684346e-02 4.85273918e-01
 1.70000000e+01 5.67203258e-02 -5.43190330e-01
 1.80000000e+01 5.67203258e-02 5.43190330e-01
 1.90000000e+01 5.41134154e-02 -5.98628290e-01
 2.00000000e+01 5.41134154e-02 5.98628290e-01
 2.10000000e+01 5.12595980e-02 -6.51334846e-01
 2.20000000e+01 5.12595980e-02 6.51334846e-01
 2.30000000e+01 4.81718951e-02 -7.01069512e-01
 2.40000000e+01 4.81718951e-02 7.01069512e-01
 2.50000000e+01 4.48643953e-02 -7.47605360e-01
 2.60000000e+01 4.48643953e-02 7.47605360e-01
 2.70000000e+01 4.13521901e-02 -7.90730057e-01
 2.80000000e+01 4.13521901e-02 7.90730057e-01
 2.90000000e+01 3.76513054e-02 -8.30246837e-01
 3.00000000e+01 3.76513054e-02 8.30246837e-01
 3.10000000e+01 3.37786280e-02 -8.65975395e-01
 3.20000000e+01 3.37786280e-02 8.65975395e-01
 3.30000000e+01 2.97518296e-02 -8.97752712e-01
 3.40000000e+01 2.97518296e-02 8.97752712e-01
 3.50000000e+01 2.55892864e-02 -9.25433799e-01
 3.60000000e+01 2.55892864e-02 9.25433799e-01
 3.70000000e+01 2.13099988e-02 -9.48892363e-01
 3.80000000e+01 2.13099988e-02 9.48892363e-01
 3.90000000e+01 1.69335140e-02 -9.68021392e-01
 4.00000000e+01 1.69335140e-02 9.68021392e-01
 4.10000000e+01 1.24798838e-02 -9.82733670e-01
 4.20000000e+01 1.24798838e-02 9.82733670e-01
 4.30000000e+01 7.96989823e-03 -9.92962349e-01
 4.40000000e+01 7.96989823e-03 9.92962349e-01
 4.50000000e+01 3.43030087e-03 -9.98663042e-01
 4.60000000e+01 3.43030087e-03 9.98663042e-01
