 1.00000000e+00 6.61351296e-02 0.00000000e+00
 2.00000000e+00 6.59905336e-02 -6.60869239e-02
 3.00000000e+00 6.59905336e-02 6.60869239e-02
 4.00000000e+00 6.55573778e-02 -1.31884867e-01
 5.00000000e+00 6.55573778e-02 1.31884867e-01
 6.00000000e+00 6.48375562e-02 -1.97106110e-01
 7.00000000e+00 6.48375562e-02 1.97106110e-01
 8.00000000e+00 6.38342166e-02 -2.61465459e-01
 9.00000000e+00 6.38342166e-02 2.61465459e-01
 1.00000000e+01 6.25517462e-02 -3.24681486e-01
 1.10000000e+01 6.25517462e-02 3.24681486e-01
 1.20000000e+01 6.09957530e-02 -3.86477764e-01
 1.30000000e+01 6.09957530e-02 3.86477764e-01
 1.40000000e+01 5.91730409e-02 -4.46584073e-01
 1.50000000e+01 5.91730409e-02 4.46584073e-01
 1.60000000e+01 5.70915803e-02 -5.04737584e-01
 1.70000000e+01 5.70915803e-02 5.04737584e-01
 1.80000000e+01 5.47604728e-02 -5.60684006e-01
 1.90000000e+01 5.47604728e-02 5.60684006e-01
 2.00000000e+01 5.21899118e-02 -6.14178700e-01
 2.10000000e+01 5.21899118e-02 6.14178700e-01
 2.20000000e+01 4.93911377e-02 -6.64987747e-01
 2.30000000e+01 4.93911377e-02 6.64987747e-01
 2.40000000e+01 4.63763891e-02 -7.12888973e-01
 2.50000000e+01 4.63763891e-02 7.12888973e-01
 2.60000000e+01 4.31588486e-02 -7.57672918e-01
 2.70000000e+01 4.31588486e-02 7.57672918e-01
 2.80000000e+01 3.97525861e-02 -7.99143754e-01
 2.90000000e+01 3.97525861e-02 7.99143754e-01
 3.00000000e+01 3.61724966e-02 -8.37120140e-01
 3.10000000e+01 3.61724966e-02 8.37120140e-01
 3.20000000e+01 3.24342355e-02 -8.71436016e-01
 3.30000000e+01 3.24342355e-02 8.71436016e-01
 3.40000000e+01 2.85541507e-02 -9.01941329e-01
 3.50000000e+01 2.85541507e-02 9.01941329e-01
 3.60000000e+01 2.45492117e-02 -9.28502693e-01
 3.70000000e+01 2.45492117e-02 9.28502693e-01
 3.80000000e+01 2.04369381e-02 -9.51003969e-01
 3.90000000e+01 2.04369381e-02 9.51003969e-01
 4.00000000e+01 1.62353331e-02 -9.69346787e-01
 4.10000000e+01 1.62353331e-02 9.69346787e-01
 4.20000000e+01 1.19628485e-02 -9.83451003e-01
 4.30000000e+01 1.19628485e-02 9.83451003e-01
 4.40000000e+01 7.63861630e-03 -9.93255211e-01
 4.50000000e+01 7.63861630e-03 9.93255211e-01
 4.60000000e+01 3.28745384e-03 -9.98718729e-01
 4.70000000e+01 3.28745384e-03 9.98718729e-01
