 1.00000000e+00 6.47376968e-02 -3.23801710e-02
 2.00000000e+00 6.47376968e-02 3.23801710e-02
 3.00000000e+00 6.44661644e-02 -9.70046992e-02
 4.00000000e+00 6.44661644e-02 9.70046992e-02
 5.00000000e+00 6.39242386e-02 -1.61222356e-01
 6.00000000e+00 6.39242386e-02 1.61222356e-01
 7.00000000e+00 6.31141923e-02 -2.24763790e-01
 8.00000000e+00 6.31141923e-02 2.24763790e-01
 9.00000000e+00 6.20394232e-02 -2.87362487e-01
 1.00000000e+01 6.20394232e-02 2.87362487e-01
 1.10000000e+01 6.07044392e-02 -3.48755886e-01
 1.20000000e+01 6.07044392e-02 3.48755886e-01
 1.30000000e+01 5.91148397e-02 -4.08686482e-01
 1.40000000e+01 5.91148397e-02 4.08686482e-01
 1.50000000e+01 5.72772921e-02 -4.66902905e-01
 1.60000000e+01 5.72772921e-02 4.66902905e-01
 1.70000000e+01 5.51995037e-02 -5.23160975e-01
 1.80000000e+01 5.51995037e-02 5.23160975e-01
 1.90000000e+01 5.28901895e-02 -5.77224726e-01
 2.00000000e+01 5.28901895e-02 5.77224726e-01
 2.10000000e+01 5.03590356e-02 -6.28867397e-01
 2.20000000e+01 5.03590356e-02 6.28867397e-01
 2.30000000e+01 4.76166585e-02 -6.77872380e-01
 2.40000000e+01 4.76166585e-02 6.77872380e-01
 2.50000000e+01 4.46745609e-02 -7.24034131e-01
 2.60000000e+01 4.46745609e-02 7.24034131e-01
 2.70000000e+01 4.15450829e-02 -7.67159033e-01
 2.80000000e+01 4.15450829e-02 7.67159033e-01
 2.90000000e+01 3.82413511e-02 -8.07066204e-01
 3.00000000e+01 3.82413511e-02 8.07066204e-01
 3.10000000e+01 3.47772226e-02 -8.43588262e-01
 3.20000000e+01 3.47772226e-02 8.43588262e-01
 3.30000000e+01 3.11672278e-02 -8.76572020e-01
 3.40000000e+01 3.11672278e-02 8.76572020e-01
 3.50000000e+01 2.74265097e-02 -9.05879137e-01
 3.60000000e+01 2.74265097e-02 9.05879137e-01
 3.70000000e+01 2.35707608e-02 -9.31386691e-01
 3.80000000e+01 2.35707608e-02 9.31386691e-01
 3.90000000e+01 1.96161605e-02 -9.52987703e-01
 4.00000000e+01 1.96161605e-02 9.52987703e-01
 4.10000000e+01 1.55793157e-02 -9.70591593e-01
 4.20000000e+01 1.55793157e-02 9.70591593e-01
 4.30000000e+01 1.14772346e-02 -9.84124584e-01
 4.40000000e+01 1.14772346e-02 9.84124584e-01
 4.50000000e+01 7.32755390e-03 -9.93530172e-01
 4.60000000e+01 7.32755390e-03 9.93530172e-01
 4.70000000e+01 3.15334605e-03 -9.98771007e-01
 4.80000000e+01 3.15334605e-03 9.98771007e-01
