 1.00000000e+00 6.34632814e-02 0.00000000e+00
 2.00000000e+00 6.33355093e-02 -6.34206850e-02
 3.00000000e+00 6.33355093e-02 6.34206850e-02
 4.00000000e+00 6.29527075e-02 -1.26585997e-01
 5.00000000e+00 6.29527075e-02 1.26585997e-01
 6.00000000e+00 6.23164173e-02 -1.89241592e-01
 7.00000000e+00 6.23164173e-02 1.89241592e-01
 8.00000000e+00 6.14292010e-02 -2.51135179e-01
 9.00000000e+00 6.14292010e-02 2.51135179e-01
 1.00000000e+01 6.02946310e-02 -3.12017532e-01
 1.10000000e+01 6.02946310e-02 3.12017532e-01
 1.20000000e+01 5.89172758e-02 -3.71643501e-01
 1.30000000e+01 5.89172758e-02 3.71643501e-01
 1.40000000e+01 5.73026815e-02 -4.29772993e-01
 1.50000000e+01 5.73026815e-02 4.29772993e-01
 1.60000000e+01 5.54573497e-02 -4.86171941e-01
 1.70000000e+01 5.54573497e-02 4.86171941e-01
 1.80000000e+01 5.33887107e-02 -5.40613247e-01
 1.90000000e+01 5.33887107e-02 5.40613247e-01
 2.00000000e+01 5.11050943e-02 -5.92877694e-01
 2.10000000e+01 5.11050943e-02 5.92877694e-01
 2.20000000e+01 4.86156959e-02 -6.42754832e-01
 2.30000000e+01 4.86156959e-02 6.42754832e-01
 2.40000000e+01 4.59305394e-02 -6.90043824e-01
 2.50000000e+01 4.59305394e-02 6.90043824e-01
 2.60000000e+01 4.30604370e-02 -7.34554254e-01
 2.70000000e+01 4.30604370e-02 7.34554254e-01
 2.80000000e+01 4.00169458e-02 -7.76106894e-01
 2.90000000e+01 4.00169458e-02 7.76106894e-01
 3.00000000e+01 3.68123210e-02 -8.14534427e-01
 3.10000000e+01 3.68123210e-02 8.14534427e-01
 3.20000000e+01 3.34594668e-02 -8.49682120e-01
 3.30000000e+01 3.34594668e-02 8.49682120e-01
 3.40000000e+01 2.99718846e-02 -8.81408446e-01
 3.50000000e+01 2.99718846e-02 8.81408446e-01
 3.60000000e+01 2.63636189e-02 -9.09585656e-01
 3.70000000e+01 2.63636189e-02 9.09585656e-01
 3.80000000e+01 2.26492016e-02 -9.34100295e-01
 3.90000000e+01 2.26492016e-02 9.34100295e-01
 4.00000000e+01 1.88435959e-02 -9.54853659e-01
 4.10000000e+01 1.88435959e-02 9.54853659e-01
 4.20000000e+01 1.49621449e-02 -9.71762201e-01
 4.30000000e+01 1.49621449e-02 9.71762201e-01
 4.40000000e+01 1.10205510e-02 -9.84757896e-01
 4.50000000e+01 1.10205510e-02 9.84757896e-01
 4.60000000e+01 7.03509959e-03 -9.93788662e-01
 4.70000000e+01 7.03509959e-03 9.93788662e-01
 4.80000000e+01 3.02727899e-03 -9.98820151e-01
 4.90000000e+01 3.02727899e-03 9.98820151e-01
