 1.00000000e+00 6.21766167e-02 -3.10983383e-02
 2.00000000e+00 6.21766167e-02 3.10983383e-02
 3.00000000e+00 6.19360674e-02 -9.31747016e-02
 4.00000000e+00 6.19360674e-02 9.31747016e-02
 5.00000000e+00 6.14558996e-02 -1.54890590e-01
 6.00000000e+00 6.14558996e-02 1.54890590e-01
 7.00000000e+00 6.07379708e-02 -2.16007237e-01
 8.00000000e+00 6.07379708e-02 2.16007237e-01
 9.00000000e+00 5.97850587e-02 -2.76288194e-01
 1.00000000e+01 5.97850587e-02 2.76288194e-01
 1.10000000e+01 5.86008498e-02 -3.35500245e-01
 1.20000000e+01 5.86008498e-02 3.35500245e-01
 1.30000000e+01 5.71899256e-02 -3.93414312e-01
 1.40000000e+01 5.71899256e-02 3.93414312e-01
 1.50000000e+01 5.55577448e-02 -4.49806335e-01
 1.60000000e+01 5.55577448e-02 4.49806335e-01
 1.70000000e+01 5.37106219e-02 -5.04458145e-01
 1.80000000e+01 5.37106219e-02 5.04458145e-01
 1.90000000e+01 5.16557031e-02 -5.57158305e-01
 2.00000000e+01 5.16557031e-02 5.57158305e-01
 2.10000000e+01 4.94009384e-02 -6.07702927e-01
 2.20000000e+01 4.94009384e-02 6.07702927e-01
 2.30000000e+01 4.69550513e-02 -6.55896466e-01
 2.40000000e+01 4.69550513e-02 6.55896466e-01
 2.50000000e+01 4.43275043e-02 -7.01552469e-01
 2.60000000e+01 4.43275043e-02 7.01552469e-01
 2.70000000e+01 4.15284631e-02 -7.44494302e-01
 2.80000000e+01 4.15284631e-02 7.44494302e-01
 2.90000000e+01 3.85687566e-02 -7.84555833e-01
 3.00000000e+01 3.85687566e-02 7.84555833e-01
 3.10000000e+01 3.54598356e-02 -8.21582071e-01
 3.20000000e+01 3.54598356e-02 8.21582071e-01
 3.30000000e+01 3.22137282e-02 -8.55429769e-01
 3.40000000e+01 3.22137282e-02 8.55429769e-01
 3.50000000e+01 2.88429936e-02 -8.85967980e-01
 3.60000000e+01 2.88429936e-02 8.85967980e-01
 3.70000000e+01 2.53606736e-02 -9.13078557e-01
 3.80000000e+01 2.53606736e-02 9.13078557e-01
 3.90000000e+01 2.17802432e-02 -9.36656619e-01
 4.00000000e+01 2.17802432e-02 9.36656619e-01
 4.10000000e+01 1.81155607e-02 -9.56610955e-01
 4.20000000e+01 1.81155607e-02 9.56610955e-01
 4.30000000e+01 1.43808228e-02 -9.72864385e-01
 4.40000000e+01 1.43808228e-02 9.72864385e-01
 4.50000000e+01 1.05905484e-02 -9.85354084e-01
 4.60000000e+01 1.05905484e-02 9.85354084e-01
 4.70000000e+01 6.75979920e-03 -9.94031969e-01
 4.80000000e+01 6.75979920e-03 9.94031969e-01
 4.90000000e+01 2.90862255e-03 -9.98866404e-01
 5.00000000e+01 2.90862255e-03 9.98866404e-01
