 1.00000000e+00 6.09989248e-02 0.00000000e+00
 2.00000000e+00 6.08854648e-02 -6.09611002e-02
 3.00000000e+00 6.08854648e-02 6.09611002e-02
 4.00000000e+00 6.05455069e-02 -1.21695421e-01
 5.00000000e+00 6.05455069e-02 1.21695421e-01
 6.00000000e+00 5.99803158e-02 -1.81977027e-01
 7.00000000e+00 5.99803158e-02 1.81977027e-01
 8.00000000e+00 5.91919939e-02 -2.41581666e-01
 9.00000000e+00 5.91919939e-02 2.41581666e-01
 1.00000000e+01 5.81834740e-02 -3.00287606e-01
 1.10000000e+01 5.81834740e-02 3.00287606e-01
 1.20000000e+01 5.69585077e-02 -3.57876457e-01
 1.30000000e+01 5.69585077e-02 3.57876457e-01
 1.40000000e+01 5.55216521e-02 -4.14133983e-01
 1.50000000e+01 5.55216521e-02 4.14133983e-01
 1.60000000e+01 5.38782523e-02 -4.68850904e-01
 1.70000000e+01 5.38782523e-02 4.68850904e-01
 1.80000000e+01 5.20344219e-02 -5.21823669e-01
 1.90000000e+01 5.20344219e-02 5.21823669e-01
 2.00000000e+01 4.99970202e-02 -5.72855216e-01
 2.10000000e+01 4.99970202e-02 5.72855216e-01
 2.20000000e+01 4.77736262e-02 -6.21755705e-01
 2.30000000e+01 4.77736262e-02 6.21755705e-01
 2.40000000e+01 4.53725114e-02 -6.68343221e-01
 2.50000000e+01 4.53725114e-02 6.68343221e-01
 2.60000000e+01 4.28026080e-02 -7.12444458e-01
 2.70000000e+01 4.28026080e-02 7.12444458e-01
 2.80000000e+01 4.00734763e-02 -7.53895354e-01
 2.90000000e+01 4.00734763e-02 7.53895354e-01
 3.00000000e+01 3.71952689e-02 -7.92541712e-01
 3.10000000e+01 3.71952689e-02 7.92541712e-01
 3.20000000e+01 3.41786932e-02 -8.28239764e-01
 3.30000000e+01 3.41786932e-02 8.28239764e-01
 3.40000000e+01 3.10349713e-02 -8.60856711e-01
 3.50000000e+01 3.10349713e-02 8.60856711e-01
 3.60000000e+01 2.77757986e-02 -8.90271218e-01
 3.70000000e+01 2.77757986e-02 8.90271218e-01
 3.80000000e+01 2.44133006e-02 -9.16373862e-01
 3.90000000e+01 2.44133006e-02 9.16373862e-01
 4.00000000e+01 2.09599884e-02 -9.39067544e-01
 4.10000000e+01 2.09599884e-02 9.39067544e-01
 4.20000000e+01 1.74287147e-02 -9.58267849e-01
 4.30000000e+01 1.74287147e-02 9.58267849e-01
 4.40000000e+01 1.38326340e-02 -9.73903368e-01
 4.50000000e+01 1.38326340e-02 9.73903368e-01
 4.60000000e+01 1.01851913e-02 -9.85915992e-01
 4.70000000e+01 1.01851913e-02 9.85915992e-01
 4.80000000e+01 6.50033778e-03 -9.94261260e-01
 4.90000000e+01 6.50033778e-03 9.94261260e-01
 5.00000000e+01 2.79680717e-03 -9.98909991e-01
 5.10000000e+01 2.79680717e-03 9.98909991e-01
