 1.00000000e+00 5.98103657e-02 -2.99141098e-02
 2.00000000e+00 5.98103657e-02 2.99141098e-02
 3.00000000e+00 5.95962602e-02 -8.96352446e-02
 4.00000000e+00 5.95962602e-02 8.96352446e-02
 5.00000000e+00 5.91688155e-02 -1.49035509e-01
 6.00000000e+00 5.91688155e-02 1.49035509e-01
 7.00000000e+00 5.85295618e-02 -2.07902264e-01
 8.00000000e+00 5.85295618e-02 2.07902264e-01
 9.00000000e+00 5.76807875e-02 -2.66024784e-01
 1.00000000e+01 5.76807875e-02 2.66024784e-01
 1.10000000e+01 5.66255309e-02 -3.23195003e-01
 1.20000000e+01 5.66255309e-02 3.23195003e-01
 1.30000000e+01 5.53675697e-02 -3.79208269e-01
 1.40000000e+01 5.53675697e-02 3.79208269e-01
 1.50000000e+01 5.39114069e-02 -4.33864068e-01
 1.60000000e+01 5.39114069e-02 4.33864068e-01
 1.70000000e+01 5.22622554e-02 -4.86966746e-01
 1.80000000e+01 5.22622554e-02 4.86966746e-01
 1.90000000e+01 5.04260186e-02 -5.38326209e-01
 2.00000000e+01 5.04260186e-02 5.38326209e-01
 2.10000000e+01 4.84092697e-02 -5.87758605e-01
 2.20000000e+01 4.84092697e-02 5.87758605e-01
 2.30000000e+01 4.62192284e-02 -6.35086978e-01
 2.40000000e+01 4.62192284e-02 6.35086978e-01
 2.50000000e+01 4.38637343e-02 -6.80141904e-01
 2.60000000e+01 4.38637343e-02 6.80141904e-01
 2.70000000e+01 4.13512195e-02 -7.22762100e-01
 2.80000000e+01 4.13512195e-02 7.22762100e-01
 2.90000000e+01 3.86906783e-02 -7.62794995e-01
 3.00000000e+01 3.86906783e-02 7.62794995e-01
 3.10000000e+01 3.58916348e-02 -8.00097283e-01
 3.20000000e+01 3.58916348e-02 8.00097283e-01
 3.30000000e+01 3.29641091e-02 -8.34535432e-01
 3.40000000e+01 3.29641091e-02 8.34535432e-01
 3.50000000e+01 2.99185811e-02 -8.65986163e-01
 3.60000000e+01 2.99185811e-02 8.65986163e-01
 3.70000000e+01 2.67659537e-02 -8.94336891e-01
 3.80000000e+01 2.67659537e-02 8.94336891e-01
 3.90000000e+01 2.35175136e-02 -9.19486129e-01
 4.00000000e+01 2.35175136e-02 9.19486129e-01
 4.10000000e+01 2.01848915e-02 -9.41343854e-01
 4.20000000e+01 2.01848915e-02 9.41343854e-01
 4.30000000e+01 1.67800234e-02 -9.59831827e-01
 4.40000000e+01 1.67800234e-02 9.59831827e-01
 4.50000000e+01 1.33151150e-02 -9.74883884e-01
 4.60000000e+01 1.33151150e-02 9.74883884e-01
 4.70000000e+01 9.80263458e-03 -9.86446196e-01
 4.80000000e+01 9.80263458e-03 9.86446196e-01
 4.90000000e+01 6.25552396e-03 -9.94477591e-01
 5.00000000e+01 6.25552396e-03 9.94477591e-01
 5.10000000e+01 2.69131695e-03 -9.98951111e-01
 5.20000000e+01 2.69131695e-03 9.98951111e-01
