 1.00000000e+00 5.87187942e-02 0.00000000e+00
 2.00000000e+00 5.86175862e-02 -5.86850543e-02
 3.00000000e+00 5.86175862e-02 5.86850543e-02
 4.00000000e+00 5.83143114e-02 -1.17167809e-01
 5.00000000e+00 5.83143114e-02 1.17167809e-01
 6.00000000e+00 5.78100150e-02 -1.75246662e-01
 7.00000000e+00 5.78100150e-02 1.75246662e-01
 8.00000000e+00 5.71064355e-02 -2.32721404e-01
 9.00000000e+00 5.71064355e-02 2.32721404e-01
 1.00000000e+01 5.62059984e-02 -2.89393906e-01
 1.10000000e+01 5.62059984e-02 2.89393906e-01
 1.20000000e+01 5.51118075e-02 -3.45068808e-01
 1.30000000e+01 5.51118075e-02 3.45068808e-01
 1.40000000e+01 5.38276349e-02 -3.99554187e-01
 1.50000000e+01 5.38276349e-02 3.99554187e-01
 1.60000000e+01 5.23579072e-02 -4.52662219e-01
 1.70000000e+01 5.23579072e-02 4.52662219e-01
 1.80000000e+01 5.07076911e-02 -5.04209832e-01
 1.90000000e+01 5.07076911e-02 5.04209832e-01
 2.00000000e+01 4.88826750e-02 -5.54019328e-01
 2.10000000e+01 4.88826750e-02 5.54019328e-01
 2.20000000e+01 4.68891503e-02 -6.01919006e-01
 2.30000000e+01 4.68891503e-02 6.01919006e-01
 2.40000000e+01 4.47339891e-02 -6.47743744e-01
 2.50000000e+01 4.47339891e-02 6.47743744e-01
 2.60000000e+01 4.24246206e-02 -6.91335576e-01
 2.70000000e+01 4.24246206e-02 6.91335576e-01
 2.80000000e+01 3.99690058e-02 -7.32544231e-01
 2.90000000e+01 3.99690058e-02 7.32544231e-01
 3.00000000e+01 3.73756098e-02 -7.71227655e-01
 3.10000000e+01 3.73756098e-02 7.71227655e-01
 3.20000000e+01 3.46533726e-02 -8.07252498e-01
 3.30000000e+01 3.46533726e-02 8.07252498e-01
 3.40000000e+01 3.18116785e-02 -8.40494577e-01
 3.50000000e+01 3.18116785e-02 8.40494577e-01
 3.60000000e+01 2.88603236e-02 -8.70839298e-01
 3.70000000e+01 2.88603236e-02 8.70839298e-01
 3.80000000e+01 2.58094825e-02 -8.98182058e-01
 3.90000000e+01 2.58094825e-02 8.98182058e-01
 4.00000000e+01 2.26696731e-02 -9.22428603e-01
 4.10000000e+01 2.26696731e-02 9.22428603e-01
 4.20000000e+01 1.94517211e-02 -9.43495353e-01
 4.30000000e+01 1.94517211e-02 9.43495353e-01
 4.40000000e+01 1.61667253e-02 -9.61309695e-01
 4.50000000e+01 1.61667253e-02 9.61309695e-01
 4.60000000e+01 1.28260261e-02 -9.75810234e-01
 4.70000000e+01 1.28260261e-02 9.75810234e-01
 4.80000000e+01 9.44120228e-03 -9.86947035e-01
 4.90000000e+01 9.44120228e-03 9.86947035e-01
 5.00000000e+01 6.02427623e-03 -9.94681919e-01
 5.10000000e+01 6.02427623e-03 9.94681919e-01
 5.20000000e+01 2.59168372e-03 -9.98989948e-01
 5.30000000e+01 2.59168372e-03 9.98989948e-01
