 1.00000000e+00 5.76175367e-02 -2.88167482e-02
 2.00000000e+00 5.76175367e-02 2.88167482e-02
 3.00000000e+00 5.74261371e-02 -8.63545183e-02
 4.00000000e+00 5.74261371e-02 8.63545183e-02
 5.00000000e+00 5.70439736e-02 -1.43605427e-01
 6.00000000e+00 5.70439736e-02 1.43605427e-01
 7.00000000e+00 5.64723157e-02 -2.00379294e-01
 8.00000000e+00 5.64723157e-02 2.00379294e-01
 9.00000000e+00 5.57130626e-02 -2.56487520e-01
 1.00000000e+01 5.57130626e-02 2.56487520e-01
 1.10000000e+01 5.47687362e-02 -3.11743721e-01
 1.20000000e+01 5.47687362e-02 3.11743721e-01
 1.30000000e+01 5.36424736e-02 -3.65964340e-01
 1.40000000e+01 5.36424736e-02 3.65964340e-01
 1.50000000e+01 5.23380162e-02 -4.18969263e-01
 1.60000000e+01 5.23380162e-02 4.18969263e-01
 1.70000000e+01 5.08596971e-02 -4.70582412e-01
 1.80000000e+01 5.08596971e-02 4.70582412e-01
 1.90000000e+01 4.92124273e-02 -5.20632334e-01
 2.00000000e+01 4.92124273e-02 5.20632334e-01
 2.10000000e+01 4.74016788e-02 -5.68952768e-01
 2.20000000e+01 4.74016788e-02 5.68952768e-01
 2.30000000e+01 4.54334667e-02 -6.15383198e-01
 2.40000000e+01 4.54334667e-02 6.15383198e-01
 2.50000000e+01 4.33143293e-02 -6.59769388e-01
 2.60000000e+01 4.33143293e-02 6.59769388e-01
 2.70000000e+01 4.10513061e-02 -7.01963890e-01
 2.80000000e+01 4.10513061e-02 7.01963890e-01
 2.90000000e+01 3.86519148e-02 -7.41826539e-01
 3.00000000e+01 3.86519148e-02 7.41826539e-01
 3.10000000e+01 3.61241258e-02 -7.79224915e-01
 3.20000000e+01 3.61241258e-02 7.79224915e-01
 3.30000000e+01 3.34763365e-02 -8.14034786e-01
 3.40000000e+01 3.34763365e-02 8.14034786e-01
 3.50000000e+01 3.07173425e-02 -8.46140516e-01
 3.60000000e+01 3.07173425e-02 8.46140516e-01
 3.70000000e+01 2.78563093e-02 -8.75435454e-01
 3.80000000e+01 2.78563093e-02 8.75435454e-01
 3.90000000e+01 2.49027415e-02 -9.01822286e-01
 4.00000000e+01 2.49027415e-02 9.01822286e-01
 4.10000000e+01 2.18664514e-02 -9.25213360e-01
 4.20000000e+01 2.18664514e-02 9.25213360e-01
 4.30000000e+01 1.87575276e-02 -9.45530975e-01
 4.40000000e+01 1.87575276e-02 9.45530975e-01
 4.50000000e+01 1.55863030e-02 -9.62707646e-01
 4.60000000e+01 1.55863030e-02 9.62707646e-01
 4.70000000e+01 1.23633281e-02 -9.76686329e-01
 4.80000000e+01 1.23633281e-02 9.76686329e-01
 4.90000000e+01 9.09936946e-03 -9.87420637e-01
 5.00000000e+01 9.09936946e-03 9.87420637e-01
 5.10000000e+01 5.80561102e-03 -9.94875117e-01
 5.20000000e+01 5.80561102e-03 9.94875117e-01
 5.30000000e+01 2.49748184e-03 -9.99026667e-01
 5.40000000e+01 2.49748184e-03 9.99026667e-01
