 1.00000000e+00 5.66029764e-02 0.00000000e+00
 2.00000000e+00 5.65123182e-02 -5.65727538e-02
 3.00000000e+00 5.65123182e-02 5.65727538e-02
 4.00000000e+00 5.62406341e-02 -1.12964288e-01
 5.00000000e+00 5.62406341e-02 1.12964288e-01
 6.00000000e+00 5.57887942e-02 -1.68993964e-01
 7.00000000e+00 5.57887942e-02 1.68993964e-01
 8.00000000e+00 5.51582460e-02 -2.24482301e-01
 9.00000000e+00 5.51582460e-02 2.24482301e-01
 1.00000000e+01 5.43510093e-02 -2.79251553e-01
 1.10000000e+01 5.43510093e-02 2.79251553e-01
 1.20000000e+01 5.33696700e-02 -3.33126279e-01
 1.30000000e+01 5.33696700e-02 3.33126279e-01
 1.40000000e+01 5.22173715e-02 -3.85933901e-01
 1.50000000e+01 5.22173715e-02 3.85933901e-01
 1.60000000e+01 5.08978051e-02 -4.37505260e-01
 1.70000000e+01 5.08978051e-02 4.37505260e-01
 1.80000000e+01 4.94151977e-02 -4.87675158e-01
 1.90000000e+01 4.94151977e-02 4.87675158e-01
 2.00000000e+01 4.77742986e-02 -5.36282886e-01
 2.10000000e+01 4.77742986e-02 5.36282886e-01
 2.20000000e+01 4.59803639e-02 -5.83172738e-01
 2.30000000e+01 4.59803639e-02 5.83172738e-01
 2.40000000e+01 4.40391404e-02 -6.28194512e-01
 2.50000000e+01 4.40391404e-02 6.28194512e-01
 2.60000000e+01 4.19568463e-02 -6.71203990e-01
 2.70000000e+01 4.19568463e-02 6.71203990e-01
 2.80000000e+01 3.97401519e-02 -7.12063400e-01
 2.90000000e+01 3.97401519e-02 7.12063400e-01
 3.00000000e+01 3.73961579e-02 -7.50641856e-01
 3.10000000e+01 3.73961579e-02 7.50641856e-01
 3.20000000e+01 3.49323729e-02 -7.86815781e-01
 3.30000000e+01 3.49323729e-02 7.86815781e-01
 3.40000000e+01 3.23566892e-02 -8.20469299e-01
 3.50000000e+01 3.23566892e-02 8.20469299e-01
 3.60000000e+01 2.96773578e-02 -8.51494607e-01
 3.70000000e+01 2.96773578e-02 8.51494607e-01
 3.80000000e+01 2.69029615e-02 -8.79792322e-01
 3.90000000e+01 2.69029615e-02 8.79792322e-01
 4.00000000e+01 2.40423880e-02 -9.05271801e-01
 4.10000000e+01 2.40423880e-02 9.05271801e-01
 4.20000000e+01 2.11048017e-02 -9.27851425e-01
 4.30000000e+01 2.11048017e-02 9.27851425e-01
 4.40000000e+01 1.80996145e-02 -9.47458868e-01
 4.50000000e+01 1.80996145e-02 9.47458868e-01
 4.60000000e+01 1.50364583e-02 -9.64031329e-01
 4.70000000e+01 1.50364583e-02 9.64031329e-01
 4.80000000e+01 1.19251607e-02 -9.77515736e-01
 4.90000000e+01 1.19251607e-02 9.77515736e-01
 5.00000000e+01 8.77574611e-03 -9.87868941e-01
 5.10000000e+01 8.77574611e-03 9.87868941e-01
 5.20000000e+01 5.59863227e-03 -9.95057978e-01
 5.30000000e+01 5.59863227e-03 9.95057978e-01
 5.40000000e+01 2.40832362e-03 -9.99061420e-01
 5.50000000e+01 2.40832362e-03 9.99061420e-01
