 1.00000000e+00 5.55797463e-02 -2.77970353e-02
 2.00000000e+00 5.55797463e-02 2.77970353e-02
 3.00000000e+00 5.54079525e-02 -8.33051868e-02
 4.00000000e+00 5.54079525e-02 8.33051868e-02
 5.00000000e+00 5.50648959e-02 -1.38555847e-01
 6.00000000e+00 5.50648959e-02 1.38555847e-01
 7.00000000e+00 5.45516369e-02 -1.93378239e-01
 8.00000000e+00 5.45516369e-02 1.93378239e-01
 9.00000000e+00 5.38697619e-02 -2.47602909e-01
 1.00000000e+01 5.38697619e-02 2.47602909e-01
 1.10000000e+01 5.30213785e-02 -3.01062254e-01
 1.20000000e+01 5.30213785e-02 3.01062254e-01
 1.30000000e+01 5.20091092e-02 -3.53591032e-01
 1.40000000e+01 5.20091092e-02 3.53591032e-01
 1.50000000e+01 5.08360826e-02 -4.05026881e-01
 1.60000000e+01 5.08360826e-02 4.05026881e-01
 1.70000000e+01 4.95059247e-02 -4.55210815e-01
 1.80000000e+01 4.95059247e-02 4.55210815e-01
 1.90000000e+01 4.80227468e-02 -5.03987718e-01
 2.00000000e+01 4.80227468e-02 5.03987718e-01
 2.10000000e+01 4.63911334e-02 -5.51206825e-01
 2.20000000e+01 4.63911334e-02 5.51206825e-01
 2.30000000e+01 4.46161277e-02 -5.96722183e-01
 2.40000000e+01 4.46161277e-02 5.96722183e-01
 2.50000000e+01 4.27032161e-02 -6.40393107e-01
 2.60000000e+01 4.27032161e-02 6.40393107e-01
 2.70000000e+01 4.06583114e-02 -6.82084613e-01
 2.80000000e+01 4.06583114e-02 6.82084613e-01
 2.90000000e+01 3.84877343e-02 -7.21667834e-01
 3.00000000e+01 3.84877343e-02 7.21667834e-01
 3.10000000e+01 3.61981939e-02 -7.59020423e-01
 3.20000000e+01 3.61981939e-02 7.59020423e-01
 3.30000000e+01 3.37967671e-02 -7.94026923e-01
 3.40000000e+01 3.37967671e-02 7.94026923e-01
 3.50000000e+01 3.12908767e-02 -8.26579132e-01
 3.60000000e+01 3.12908767e-02 8.26579132e-01
 3.70000000e+01 2.86882685e-02 -8.56576434e-01
 3.80000000e+01 2.86882685e-02 8.56576434e-01
 3.90000000e+01 2.59969871e-02 -8.83926108e-01
 4.00000000e+01 2.59969871e-02 8.83926108e-01
 4.10000000e+01 2.32253516e-02 -9.08543620e-01
 4.20000000e+01 2.32253516e-02 9.08543620e-01
 4.30000000e+01 2.03819299e-02 -9.30352880e-01
 4.40000000e+01 2.03819299e-02 9.30352880e-01
 4.50000000e+01 1.74755129e-02 -9.49286480e-01
 4.60000000e+01 1.74755129e-02 9.49286480e-01
 4.70000000e+01 1.45150893e-02 -9.65285902e-01
 4.80000000e+01 1.45150893e-02 9.65285902e-01
 4.90000000e+01 1.15098243e-02 -9.78301709e-01
 5.00000000e+01 1.15098243e-02 9.78301709e-01
 5.10000000e+01 8.46906316e-03 -9.88293716e-01
 5.20000000e+01 8.46906316e-03 9.88293716e-01
 5.30000000e+01 5.40252225e-03 -9.95231226e-01
 5.40000000e+01 5.40252225e-03 9.95231226e-01
 5.50000000e+01 2.32385538e-03 -9.99094344e-01
 5.60000000e+01 2.32385538e-03 9.99094344e-01
