 1.00000000e+00 5.46343288e-02 0.00000000e+00
 2.00000000e+00 5.45528036e-02 -5.46071510e-02
 3.00000000e+00 5.45528036e-02 5.46071510e-02
 4.00000000e+00 5.43084715e-02 -1.09051333e-01
 5.00000000e+00 5.43084715e-02 1.09051333e-01
 6.00000000e+00 5.39020615e-02 -1.63170063e-01
 7.00000000e+00 5.39020615e-02 1.63170063e-01
 8.00000000e+00 5.33347866e-02 -2.16801829e-01
 9.00000000e+00 5.33347866e-02 2.16801829e-01
 1.00000000e+01 5.26083397e-02 -2.69786573e-01
 1.10000000e+01 5.26083397e-02 2.69786573e-01
 1.20000000e+01 5.17248889e-02 -3.21966168e-01
 1.30000000e+01 5.17248889e-02 3.21966168e-01
 1.40000000e+01 5.06870707e-02 -3.73184890e-01
 1.50000000e+01 5.06870707e-02 3.73184890e-01
 1.60000000e+01 4.94979824e-02 -4.23289881e-01
 1.70000000e+01 4.94979824e-02 4.23289881e-01
 1.80000000e+01 4.81611727e-02 -4.72131610e-01
 1.90000000e+01 4.81611727e-02 4.72131610e-01
 2.00000000e+01 4.66806311e-02 -5.19564311e-01
 2.10000000e+01 4.66806311e-02 5.19564311e-01
 2.20000000e+01 4.50607762e-02 -5.65446429e-01
 2.30000000e+01 4.50607762e-02 5.65446429e-01
 2.40000000e+01 4.33064422e-02 -6.09641033e-01
 2.50000000e+01 4.33064422e-02 6.09641033e-01
 2.60000000e+01 4.14228649e-02 -6.52016228e-01
 2.70000000e+01 4.14228649e-02 6.52016228e-01
 2.80000000e+01 3.94156655e-02 -6.92445551e-01
 2.90000000e+01 3.94156655e-02 6.92445551e-01
 3.00000000e+01 3.72908343e-02 -7.30808345e-01
 3.10000000e+01 3.72908343e-02 7.30808345e-01
 3.20000000e+01 3.50547128e-02 -7.66990119e-01
 3.30000000e+01 3.50547128e-02 7.66990119e-01
 3.40000000e+01 3.27139744e-02 -8.00882895e-01
 3.50000000e+01 3.27139744e-02 8.00882895e-01
 3.60000000e+01 3.02756048e-02 -8.32385521e-01
 3.70000000e+01 3.02756048e-02 8.32385521e-01
 3.80000000e+01 2.77468814e-02 -8.61403983e-01
 3.90000000e+01 2.77468814e-02 8.61403983e-01
 4.00000000e+01 2.51353510e-02 -8.87851679e-01
 4.10000000e+01 2.51353510e-02 8.87851679e-01
 4.20000000e+01 2.24488079e-02 -9.11649679e-01
 4.30000000e+01 2.24488079e-02 9.11649679e-01
 4.40000000e+01 1.96952707e-02 -9.32726961e-01
 4.50000000e+01 1.96952707e-02 9.32726961e-01
 4.60000000e+01 1.68829590e-02 -9.51020626e-01
 4.70000000e+01 1.68829590e-02 9.51020626e-01
 4.80000000e+01 1.40202708e-02 -9.66476085e-01
 4.90000000e+01 1.40202708e-02 9.66476085e-01
 5.00000000e+01 1.11157637e-02 -9.79047227e-01
 5.10000000e+01 1.11157637e-02 9.79047227e-01
 5.20000000e+01 8.17816007e-03 -9.88696578e-01
 5.30000000e+01 8.17816007e-03 9.88696578e-01
 5.40000000e+01 5.21653347e-03 -9.95395524e-01
 5.50000000e+01 5.21653347e-03 9.95395524e-01
 5.60000000e+01 2.24375387e-03 -9.99125566e-01
 5.70000000e+01 2.24375387e-03 9.99125566e-01
