 1.00000000e+00 5.36811199e-02 -2.68470124e-02
 2.00000000e+00 5.36811199e-02 2.68470124e-02
 3.00000000e+00 5.35263433e-02 -8.04636302e-02
 4.00000000e+00 5.35263433e-02 8.04636302e-02
 5.00000000e+00 5.32172364e-02 -1.33848251e-01
 6.00000000e+00 5.32172364e-02 1.33848251e-01
 7.00000000e+00 5.27546905e-02 -1.86846952e-01
 8.00000000e+00 5.27546905e-02 1.86846952e-01
 9.00000000e+00 5.21400392e-02 -2.39306925e-01
 1.00000000e+01 5.21400392e-02 2.39306925e-01
 1.10000000e+01 5.13750546e-02 -2.91076914e-01
 1.20000000e+01 5.13750546e-02 2.91076914e-01
 1.30000000e+01 5.04619425e-02 -3.42007654e-01
 1.40000000e+01 5.04619425e-02 3.42007654e-01
 1.50000000e+01 4.94033355e-02 -3.91952296e-01
 1.60000000e+01 4.94033355e-02 3.91952296e-01
 1.70000000e+01 4.82022859e-02 -4.40766839e-01
 1.80000000e+01 4.82022859e-02 4.40766839e-01
 1.90000000e+01 4.68622567e-02 -4.88310537e-01
 2.00000000e+01 4.68622567e-02 4.88310537e-01
 2.10000000e+01 4.53871115e-02 -5.34446310e-01
 2.20000000e+01 4.53871115e-02 5.34446310e-01
 2.30000000e+01 4.37811035e-02 -5.79041135e-01
 2.40000000e+01 4.37811035e-02 5.79041135e-01
 2.50000000e+01 4.20488633e-02 -6.21966435e-01
 2.60000000e+01 4.20488633e-02 6.21966435e-01
 2.70000000e+01 4.01953854e-02 -6.63098445e-01
 2.80000000e+01 4.01953854e-02 6.63098445e-01
 2.90000000e+01 3.82260138e-02 -7.02318571e-01
 3.00000000e+01 3.82260138e-02 7.02318571e-01
 3.10000000e+01 3.61464269e-02 -7.39513731e-01
 3.20000000e+01 3.61464269e-02 7.39513731e-01
 3.30000000e+01 3.39626205e-02 -7.74576682e-01
 3.40000000e+01 3.39626205e-02 7.74576682e-01
 3.50000000e+01 3.16808913e-02 -8.07406328e-01
 3.60000000e+01 3.16808913e-02 8.07406328e-01
 3.70000000e+01 2.93078180e-02 -8.37908013e-01
 3.80000000e+01 2.93078180e-02 8.37908013e-01
 3.90000000e+01 2.68502432e-02 -8.65993794e-01
 4.00000000e+01 2.68502432e-02 8.65993794e-01
 4.10000000e+01 2.43152527e-02 -8.91582692e-01
 4.20000000e+01 2.43152527e-02 8.91582692e-01
 4.30000000e+01 2.17101561e-02 -9.14600929e-01
 4.40000000e+01 2.17101561e-02 9.14600929e-01
 4.50000000e+01 1.90424655e-02 -9.34982138e-01
 4.60000000e+01 1.90424655e-02 9.34982138e-01
 4.70000000e+01 1.63198742e-02 -9.52667558e-01
 4.80000000e+01 1.63198742e-02 9.52667558e-01
 4.90000000e+01 1.35502371e-02 -9.67606203e-01
 5.00000000e+01 1.35502371e-02 9.67606203e-01
 5.10000000e+01 1.07415535e-02 -9.79755015e-01
 5.20000000e+01 1.07415535e-02 9.79755015e-01
 5.30000000e+01 7.90197385e-03 -9.89079008e-01
 5.40000000e+01 7.90197385e-03 9.89079008e-01
 5.50000000e+01 5.03998161e-03 -9.95551477e-01
 5.60000000e+01 5.03998161e-03 9.95551477e-01
 5.70000000e+01 2.16772325e-03 -9.99155200e-01
 5.80000000e+01 2.16772325e-03 9.99155200e-01
