 1.00000000e+00 5.27980126e-02 0.00000000e+00
 2.00000000e+00 5.27244339e-02 -5.27734841e-02
 3.00000000e+00 5.27244339e-02 5.27734841e-02
 4.00000000e+00 5.25039026e-02 -1.05399879e-01
 5.00000000e+00 5.25039026e-02 1.05399879e-01
 6.00000000e+00 5.21370336e-02 -1.57732506e-01
 7.00000000e+00 5.21370336e-02 1.57732506e-01
 8.00000000e+00 5.16248494e-02 -2.09625503e-01
 9.00000000e+00 5.16248494e-02 2.09625503e-01
 1.00000000e+01 5.09687774e-02 -2.60934237e-01
 1.10000000e+01 5.09687774e-02 2.60934237e-01
 1.20000000e+01 5.01706463e-02 -3.11515701e-01
 1.30000000e+01 5.01706463e-02 3.11515701e-01
 1.40000000e+01 4.92326807e-02 -3.61228914e-01
 1.50000000e+01 4.92326807e-02 3.61228914e-01
 1.60000000e+01 4.81574947e-02 -4.09935318e-01
 1.70000000e+01 4.81574947e-02 4.09935318e-01
 1.80000000e+01 4.69480852e-02 -4.57499158e-01
 1.90000000e+01 4.69480852e-02 4.57499158e-01
 2.00000000e+01 4.56078229e-02 -5.03787867e-01
 2.10000000e+01 4.56078229e-02 5.03787867e-01
 2.20000000e+01 4.41404435e-02 -5.48672428e-01
 2.30000000e+01 4.41404435e-02 5.48672428e-01
 2.40000000e+01 4.25500368e-02 -5.92027741e-01
 2.50000000e+01 4.25500368e-02 5.92027741e-01
 2.60000000e+01 4.08410355e-02 -6.33732966e-01
 2.70000000e+01 4.08410355e-02 6.33732966e-01
 2.80000000e+01 3.90182030e-02 -6.73671865e-01
 2.90000000e+01 3.90182030e-02 6.73671865e-01
 3.00000000e+01 3.70866198e-02 -7.11733119e-01
 3.10000000e+01 3.70866198e-02 7.11733119e-01
 3.20000000e+01 3.50516696e-02 -7.47810645e-01
 3.30000000e+01 3.50516696e-02 7.47810645e-01
 3.40000000e+01 3.29190243e-02 -7.81803890e-01
 3.50000000e+01 3.29190243e-02 7.81803890e-01
 3.60000000e+01 3.06946278e-02 -8.13618107e-01
 3.70000000e+01 3.06946278e-02 8.13618107e-01
 3.80000000e+01 2.83846802e-02 -8.43164626e-01
 3.90000000e+01 2.83846802e-02 8.43164626e-01
 4.00000000e+01 2.59956197e-02 -8.70361094e-01
 4.10000000e+01 2.59956197e-02 8.70361094e-01
 4.20000000e+01 2.35341054e-02 -8.95131712e-01
 4.30000000e+01 2.35341054e-02 8.95131712e-01
 4.40000000e+01 2.10069983e-02 -9.17407439e-01
 4.50000000e+01 2.10069983e-02 9.17407439e-01
 4.60000000e+01 1.84213428e-02 -9.37126190e-01
 4.70000000e+01 1.84213428e-02 9.37126190e-01
 4.80000000e+01 1.57843473e-02 -9.54233009e-01
 4.90000000e+01 1.57843473e-02 9.54233009e-01
 5.00000000e+01 1.31033663e-02 -9.68680222e-01
 5.10000000e+01 1.31033663e-02 9.68680222e-01
 5.20000000e+01 1.03858855e-02 -9.80427574e-01
 5.30000000e+01 1.03858855e-02 9.80427574e-01
 5.40000000e+01 7.63952945e-03 -9.89442365e-01
 5.50000000e+01 7.63952945e-03 9.89442365e-01
 5.60000000e+01 4.87223917e-03 -9.95699640e-01
 5.70000000e+01 4.87223917e-03 9.95699640e-01
 5.80000000e+01 2.09549228e-03 -9.99183354e-01
 5.90000000e+01 2.09549228e-03 9.99183354e-01
