 1.00000000e+00 5.19078776e-02 -2.59597723e-02
 2.00000000e+00 5.19078776e-02 2.59597723e-02
 3.00000000e+00 5.17679432e-02 -7.78093339e-02
 4.00000000e+00 5.17679432e-02 7.78093339e-02
 5.00000000e+00 5.14884515e-02 -1.29449135e-01
 6.00000000e+00 5.14884515e-02 1.29449135e-01
 7.00000000e+00 5.10701561e-02 -1.80739965e-01
 8.00000000e+00 5.10701561e-02 1.80739965e-01
 9.00000000e+00 5.05141845e-02 -2.31543551e-01
 1.00000000e+01 5.05141845e-02 2.31543551e-01
 1.10000000e+01 4.98220357e-02 -2.81722937e-01
 1.20000000e+01 4.98220357e-02 2.81722937e-01
 1.30000000e+01 4.89955755e-02 -3.31142848e-01
 1.40000000e+01 4.89955755e-02 3.31142848e-01
 1.50000000e+01 4.80370318e-02 -3.79670057e-01
 1.60000000e+01 4.80370318e-02 3.79670057e-01
 1.70000000e+01 4.69489888e-02 -4.27173742e-01
 1.80000000e+01 4.69489888e-02 4.27173742e-01
 1.90000000e+01 4.57343797e-02 -4.73525842e-01
 2.00000000e+01 4.57343797e-02 4.73525842e-01
 2.10000000e+01 4.43964788e-02 -5.18601400e-01
 2.20000000e+01 4.43964788e-02 5.18601400e-01
 2.30000000e+01 4.29388928e-02 -5.62278901e-01
 2.40000000e+01 4.29388928e-02 5.62278901e-01
 2.50000000e+01 4.13655512e-02 -6.04440597e-01
 2.60000000e+01 4.13655512e-02 6.04440597e-01
 2.70000000e+01 3.96806955e-02 -6.44972828e-01
 2.80000000e+01 3.96806955e-02 6.44972828e-01
 2.90000000e+01 3.78888676e-02 -6.83766327e-01
 3.00000000e+01 3.78888676e-02 6.83766327e-01
 3.10000000e+01 3.59948981e-02 -7.20716513e-01
 3.20000000e+01 3.59948981e-02 7.20716513e-01
 3.30000000e+01 3.40038927e-02 -7.55723775e-01
 3.40000000e+01 3.40038927e-02 7.55723775e-01
 3.50000000e+01 3.19212190e-02 -7.88693740e-01
 3.60000000e+01 3.19212190e-02 7.88693740e-01
 3.70000000e+01 2.97524915e-02 -8.19537526e-01
 3.80000000e+01 2.97524915e-02 8.19537526e-01
 3.90000000e+01 2.75035567e-02 -8.48171985e-01
 4.00000000e+01 2.75035567e-02 8.48171985e-01
 4.10000000e+01 2.51804776e-02 -8.74519923e-01
 4.20000000e+01 2.51804776e-02 8.74519923e-01
 4.30000000e+01 2.27895169e-02 -8.98510311e-01
 4.40000000e+01 2.27895169e-02 8.98510311e-01
 4.50000000e+01 2.03371207e-02 -9.20078476e-01
 4.60000000e+01 2.03371207e-02 9.20078476e-01
 4.70000000e+01 1.78299010e-02 -9.39166276e-01
 4.80000000e+01 1.78299010e-02 9.39166276e-01
 4.90000000e+01 1.52746186e-02 -9.55722256e-01
 5.00000000e+01 1.52746186e-02 9.55722256e-01
 5.10000000e+01 1.26781665e-02 -9.69701789e-01
 5.20000000e+01 1.26781665e-02 9.69701789e-01
 5.30000000e+01 1.00475572e-02 -9.81067202e-01
 5.40000000e+01 1.00475572e-02 9.81067202e-01
 5.50000000e+01 7.38993116e-03 -9.89787895e-01
 5.60000000e+01 7.38993116e-03 9.89787895e-01
 5.70000000e+01 4.71272993e-03 -9.95840525e-01
 5.80000000e+01 4.71272993e-03 9.95840525e-01
 5.90000000e+01 2.02681197e-03 -9.99210123e-01
 6.00000000e+01 2.02681197e-03 9.99210123e-01
