 1.00000000e+00 5.10811194e-02 0.00000000e+00
 2.00000000e+00 5.10144870e-02 -5.10589067e-02
 3.00000000e+00 5.10144870e-02 5.10589067e-02
 4.00000000e+00 5.08147637e-02 -1.01984607e-01
 5.00000000e+00 5.08147637e-02 1.01984607e-01
 6.00000000e+00 5.04824704e-02 -1.52644240e-01
 7.00000000e+00 5.04824704e-02 1.52644240e-01
 8.00000000e+00 5.00184741e-02 -2.02905643e-01
 9.00000000e+00 5.00184741e-02 2.02905643e-01
 1.00000000e+01 4.94239853e-02 -2.52637687e-01
 1.10000000e+01 4.94239853e-02 2.52637687e-01
 1.20000000e+01 4.87005551e-02 -3.01710629e-01
 1.30000000e+01 4.87005551e-02 3.01710629e-01
 1.40000000e+01 4.78500706e-02 -3.49996442e-01
 1.50000000e+01 4.78500706e-02 3.49996442e-01
 1.60000000e+01 4.68747508e-02 -3.97369155e-01
 1.70000000e+01 4.68747508e-02 3.97369155e-01
 1.80000000e+01 4.57771401e-02 -4.43705177e-01
 1.90000000e+01 4.57771401e-02 4.43705177e-01
 2.00000000e+01 4.45601020e-02 -4.88883622e-01
 2.10000000e+01 4.45601020e-02 4.88883622e-01
 2.20000000e+01 4.32268118e-02 -5.32786627e-01
 2.30000000e+01 4.32268118e-02 5.32786627e-01
 2.40000000e+01 4.17807478e-02 -5.75299651e-01
 2.50000000e+01 4.17807478e-02 5.75299651e-01
 2.60000000e+01 4.02256826e-02 -6.16311785e-01
 2.70000000e+01 4.02256826e-02 6.16311785e-01
 2.80000000e+01 3.85656732e-02 -6.55716032e-01
 2.90000000e+01 3.85656732e-02 6.55716032e-01
 3.00000000e+01 3.68050504e-02 -6.93409591e-01
 3.10000000e+01 3.68050504e-02 6.93409591e-01
 3.20000000e+01 3.49484075e-02 -7.29294123e-01
 3.30000000e+01 3.49484075e-02 7.29294123e-01
 3.40000000e+01 3.30005883e-02 -7.63276011e-01
 3.50000000e+01 3.30005883e-02 7.63276011e-01
 3.60000000e+01 3.09666744e-02 -7.95266599e-01
 3.70000000e+01 3.09666744e-02 7.95266599e-01
 3.80000000e+01 2.88519721e-02 -8.25182428e-01
 3.90000000e+01 2.88519721e-02 8.25182428e-01
 4.00000000e+01 2.66619985e-02 -8.52945451e-01
 4.10000000e+01 2.66619985e-02 8.52945451e-01
 4.20000000e+01 2.44024672e-02 -8.78483237e-01
 4.30000000e+01 2.44024672e-02 8.78483237e-01
 4.40000000e+01 2.20792731e-02 -9.01729162e-01
 4.50000000e+01 2.20792731e-02 9.01729162e-01
 4.60000000e+01 1.96984777e-02 -9.22622581e-01
 4.70000000e+01 1.96984777e-02 9.22622581e-01
 4.80000000e+01 1.72662930e-02 -9.41108987e-01
 4.90000000e+01 1.72662930e-02 9.41108987e-01
 5.00000000e+01 1.47890659e-02 -9.57140152e-01
 5.10000000e+01 1.47890659e-02 9.57140152e-01
 5.20000000e+01 1.22732635e-02 -9.70674259e-01
 5.30000000e+01 1.22732635e-02 9.70674259e-01
 5.40000000e+01 9.72546183e-03 -9.81676011e-01
 5.50000000e+01 9.72546183e-03 9.81676011e-01
 5.60000000e+01 7.15235499e-03 -9.90116745e-01
 5.70000000e+01 7.15235499e-03 9.90116745e-01
 5.80000000e+01 4.56092401e-03 -9.95974600e-01
 5.90000000e+01 4.56092401e-03 9.95974600e-01
 6.00000000e+01 1.96145336e-03 -9.99235598e-01
 6.10000000e+01 1.96145336e-03 9.99235598e-01
