 1.00000000e+00 5.02480004e-02 -2.51292914e-02
 2.00000000e+00 5.02480004e-02 2.51292914e-02
 3.00000000e+00 5.01210696e-02 -7.53243955e-02
 4.00000000e+00 5.01210696e-02 7.53243955e-02
 5.00000000e+00 4.98675286e-02 -1.25329224e-01
 6.00000000e+00 4.98675286e-02 1.25329224e-01
 7.00000000e+00 4.94880179e-02 -1.75017459e-01
 8.00000000e+00 4.94880179e-02 1.75017459e-01
 9.00000000e+00 4.89834962e-02 -2.24263586e-01
 1.00000000e+01 4.89834962e-02 2.24263586e-01
 1.10000000e+01 4.83552380e-02 -2.72943203e-01
 1.20000000e+01 4.83552380e-02 2.72943203e-01
 1.30000000e+01 4.76048302e-02 -3.20933342e-01
 1.40000000e+01 4.76048302e-02 3.20933342e-01
 1.50000000e+01 4.67341685e-02 -3.68112775e-01
 1.60000000e+01 4.67341685e-02 3.68112775e-01
 1.70000000e+01 4.57454522e-02 -4.14362324e-01
 1.80000000e+01 4.57454522e-02 4.14362324e-01
 1.90000000e+01 4.46411790e-02 -4.59565157e-01
 2.00000000e+01 4.46411790e-02 4.59565157e-01
 2.10000000e+01 4.34241383e-02 -5.03607089e-01
 2.20000000e+01 4.34241383e-02 5.03607089e-01
 2.30000000e+01 4.20974044e-02 -5.46376866e-01
 2.40000000e+01 4.20974044e-02 5.46376866e-01
 2.50000000e+01 4.06643289e-02 -5.87766448e-01
 2.60000000e+01 4.06643289e-02 5.87766448e-01
 2.70000000e+01 3.91285318e-02 -6.27671281e-01
 2.80000000e+01 3.91285318e-02 6.27671281e-01
 2.90000000e+01 3.74938926e-02 -6.65990561e-01
 3.00000000e+01 3.74938926e-02 6.65990561e-01
 3.10000000e+01 3.57645406e-02 -7.02627492e-01
 3.20000000e+01 3.57645406e-02 7.02627492e-01
 3.30000000e+01 3.39448444e-02 -7.37489525e-01
 3.40000000e+01 3.39448444e-02 7.37489525e-01
 3.50000000e+01 3.20394006e-02 -7.70488596e-01
 3.60000000e+01 3.20394006e-02 7.70488596e-01
 3.70000000e+01 3.00530226e-02 -8.01541346e-01
 3.80000000e+01 3.00530226e-02 8.01541346e-01
 3.90000000e+01 2.79907282e-02 -8.30569334e-01
 4.00000000e+01 2.79907282e-02 8.30569334e-01
 4.10000000e+01 2.58577270e-02 -8.57499232e-01
 4.20000000e+01 2.58577270e-02 8.57499232e-01
 4.30000000e+01 2.36594072e-02 -8.82263013e-01
 4.40000000e+01 2.36594072e-02 8.82263013e-01
 4.50000000e+01 2.14013223e-02 -9.04798123e-01
 4.60000000e+01 2.14013223e-02 9.04798123e-01
 4.70000000e+01 1.90891767e-02 -9.25047636e-01
 4.80000000e+01 1.90891767e-02 9.25047636e-01
 4.90000000e+01 1.67288118e-02 -9.42960401e-01
 5.00000000e+01 1.67288118e-02 9.42960401e-01
 5.10000000e+01 1.43261918e-02 -9.58491173e-01
 5.20000000e+01 1.43261918e-02 9.58491173e-01
 5.30000000e+01 1.18873901e-02 -9.71600723e-01
 5.40000000e+01 1.18873901e-02 9.71600723e-01
 5.50000000e+01 9.41857943e-03 -9.82255949e-01
 5.60000000e+01 9.41857943e-03 9.82255949e-01
 5.70000000e+01 6.92604190e-03 -9.90429971e-01
 5.80000000e+01 6.92604190e-03 9.90429971e-01
 5.90000000e+01 4.41633346e-03 -9.96102296e-01
 6.00000000e+01 4.41633346e-03 9.96102296e-01
 6.10000000e+01 1.89920568e-03 -9.99259859e-01
 6.20000000e+01 1.89920568e-03 9.99259859e-01
