 1.00000000e+00 4.94723666e-02 0.00000000e+00
 2.00000000e+00 4.94118330e-02 -4.94521871e-02
 3.00000000e+00 4.94118330e-02 4.94521871e-02
 4.00000000e+00 4.92303804e-02 -9.87833564e-02
 5.00000000e+00 4.92303804e-02 9.87833564e-02
 6.00000000e+00 4.89284528e-02 -1.47872786e-01
 7.00000000e+00 4.89284528e-02 1.47872786e-01
 8.00000000e+00 4.85067891e-02 -1.96600347e-01
 9.00000000e+00 4.85067891e-02 1.96600347e-01
 1.00000000e+01 4.79664211e-02 -2.44846793e-01
 1.10000000e+01 4.79664211e-02 2.44846793e-01
 1.20000000e+01 4.73086713e-02 -2.92494059e-01
 1.30000000e+01 4.73086713e-02 2.92494059e-01
 1.40000000e+01 4.65351492e-02 -3.39425542e-01
 1.50000000e+01 4.65351492e-02 3.39425542e-01
 1.60000000e+01 4.56477479e-02 -3.85526394e-01
 1.70000000e+01 4.56477479e-02 3.85526394e-01
 1.80000000e+01 4.46486388e-02 -4.30683799e-01
 1.90000000e+01 4.46486388e-02 4.30683799e-01
 2.00000000e+01 4.35402671e-02 -4.74787248e-01
 2.10000000e+01 4.35402671e-02 4.74787248e-01
 2.20000000e+01 4.23253450e-02 -5.17728813e-01
 2.30000000e+01 4.23253450e-02 5.17728813e-01
 2.40000000e+01 4.10068458e-02 -5.59403409e-01
 2.50000000e+01 4.10068458e-02 5.59403409e-01
 2.60000000e+01 3.95879959e-02 -5.99709052e-01
 2.70000000e+01 3.95879959e-02 5.99709052e-01
 2.80000000e+01 3.80722676e-02 -6.38547106e-01
 2.90000000e+01 3.80722676e-02 6.38547106e-01
 3.00000000e+01 3.64633701e-02 -6.75822528e-01
 3.10000000e+01 3.64633701e-02 6.75822528e-01
 3.20000000e+01 3.47652406e-02 -7.11444100e-01
 3.30000000e+01 3.47652406e-02 7.11444100e-01
 3.40000000e+01 3.29820349e-02 -7.45324648e-01
 3.50000000e+01 3.29820349e-02 7.45324648e-01
 3.60000000e+01 3.11181166e-02 -7.77381263e-01
 3.70000000e+01 3.11181166e-02 7.77381263e-01
 3.80000000e+01 2.91780472e-02 -8.07535496e-01
 3.90000000e+01 2.91780472e-02 8.07535496e-01
 4.00000000e+01 2.71665744e-02 -8.35713554e-01
 4.10000000e+01 2.71665744e-02 8.35713554e-01
 4.20000000e+01 2.50886206e-02 -8.61846482e-01
 4.30000000e+01 2.50886206e-02 8.61846482e-01
 4.40000000e+01 2.29492710e-02 -8.85870329e-01
 4.50000000e+01 2.29492710e-02 8.85870329e-01
 4.60000000e+01 2.07537613e-02 -9.07726303e-01
 4.70000000e+01 2.07537613e-02 9.07726303e-01
 4.80000000e+01 1.85074645e-02 -9.27360921e-01
 4.90000000e+01 1.85074645e-02 9.27360921e-01
 5.00000000e+01 1.62158784e-02 -9.44726134e-01
 5.10000000e+01 1.62158784e-02 9.44726134e-01
 5.20000000e+01 1.38846126e-02 -9.59779450e-01
 5.30000000e+01 1.38846126e-02 9.59779450e-01
 5.40000000e+01 1.15193761e-02 -9.72484035e-01
 5.50000000e+01 1.15193761e-02 9.72484035e-01
 5.60000000e+01 9.12596868e-03 -9.82808811e-01
 5.70000000e+01 9.12596868e-03 9.82808811e-01
 5.80000000e+01 6.71029177e-03 -9.90728547e-01
 5.90000000e+01 6.71029177e-03 9.90728547e-01
 6.00000000e+01 4.27850835e-03 -9.96224013e-01
 6.10000000e+01 4.27850835e-03 9.96224013e-01
 6.20000000e+01 1.83987460e-03 -9.99282984e-01
 6.30000000e+01 1.83987460e-03 9.99282984e-01
