 1.00000000e+00 4.86909570e-02 -2.43502927e-02
 2.00000000e+00 4.86909570e-02 2.43502927e-02
 3.00000000e+00 4.85754674e-02 -7.29931218e-02
 4.00000000e+00 4.85754674e-02 7.29931218e-02
 5.00000000e+00 4.83447622e-02 -1.21462819e-01
 6.00000000e+00 4.83447622e-02 1.21462819e-01
 7.00000000e+00 4.79993886e-02 -1.69644420e-01
 8.00000000e+00 4.79993886e-02 1.69644420e-01
 9.00000000e+00 4.75401657e-02 -2.17423644e-01
 1.00000000e+01 4.75401657e-02 2.17423644e-01
 1.10000000e+01 4.69681828e-02 -2.64687162e-01
 1.20000000e+01 4.69681828e-02 2.64687162e-01
 1.30000000e+01 4.62847966e-02 -3.11322872e-01
 1.40000000e+01 4.62847966e-02 3.11322872e-01
 1.50000000e+01 4.54916279e-02 -3.57220158e-01
 1.60000000e+01 4.54916279e-02 3.57220158e-01
 1.70000000e+01 4.45905582e-02 -4.02270158e-01
 1.80000000e+01 4.45905582e-02 4.02270158e-01
 1.90000000e+01 4.35837245e-02 -4.46366017e-01
 2.00000000e+01 4.35837245e-02 4.46366017e-01
 2.10000000e+01 4.24735151e-02 -4.89403146e-01
 2.20000000e+01 4.24735151e-02 4.89403146e-01
 2.30000000e+01 4.12625632e-02 -5.31279464e-01
 2.40000000e+01 4.12625632e-02 5.31279464e-01
 2.50000000e+01 3.99537411e-02 -5.71895646e-01
 2.60000000e+01 3.99537411e-02 5.71895646e-01
 2.70000000e+01 3.85501532e-02 -6.11155355e-01
 2.80000000e+01 3.85501532e-02 6.11155355e-01
 2.90000000e+01 3.70551285e-02 -6.48965471e-01
 3.00000000e+01 3.70551285e-02 6.48965471e-01
 3.10000000e+01 3.54722133e-02 -6.85236313e-01
 3.20000000e+01 3.54722133e-02 6.85236313e-01
 3.30000000e+01 3.38051618e-02 -7.19881850e-01
 3.40000000e+01 3.38051618e-02 7.19881850e-01
 3.50000000e+01 3.20579284e-02 -7.52819907e-01
 3.60000000e+01 3.20579284e-02 7.52819907e-01
 3.70000000e+01 3.02346571e-02 -7.83972359e-01
 3.80000000e+01 3.02346571e-02 7.83972359e-01
 3.90000000e+01 2.83396726e-02 -8.13265315e-01
 4.00000000e+01 2.83396726e-02 8.13265315e-01
 4.10000000e+01 2.63774697e-02 -8.40629296e-01
 4.20000000e+01 2.63774697e-02 8.40629296e-01
 4.30000000e+01 2.43527026e-02 -8.65999398e-01
 4.40000000e+01 2.43527026e-02 8.65999398e-01
 4.50000000e+01 2.22701738e-02 -8.89315446e-01
 4.60000000e+01 2.22701738e-02 8.89315446e-01
 4.70000000e+01 2.01348232e-02 -9.10522137e-01
 4.80000000e+01 2.01348232e-02 9.10522137e-01
 4.90000000e+01 1.79517158e-02 -9.29569172e-01
 5.00000000e+01 1.79517158e-02 9.29569172e-01
 5.10000000e+01 1.57260305e-02 -9.46411375e-01
 5.20000000e+01 1.57260305e-02 9.46411375e-01
 5.30000000e+01 1.34630479e-02 -9.61008800e-01
 5.40000000e+01 1.34630479e-02 9.61008800e-01
 5.50000000e+01 1.11681395e-02 -9.73326828e-01
 5.60000000e+01 1.11681395e-02 9.73326828e-01
 5.70000000e+01 8.84675983e-03 -9.83336254e-01
 5.80000000e+01 8.84675983e-03 9.83336254e-01
 5.90000000e+01 6.50445797e-03 -9.91013371e-01
 6.00000000e+01 6.50445797e-03 9.91013371e-01
 6.10000000e+01 4.14703326e-03 -9.96340117e-01
 6.20000000e+01 4.14703326e-03 9.96340117e-01
 6.30000000e+01 1.78328072e-03 -9.99305042e-01
 6.40000000e+01 1.78328072e-03 9.99305042e-01
